# Header: Project1::Ts3_after_def::All data::Grain Size   5/4/2018
# 
# Partition Formula: 
# Grain Tolerance Angle: 5.00
# Minimum Grain Size: 2
# Minimum Anti-Grain Size: 2
# Minimum Confidence Index: 0.00
# Multiple Rows Requirement: Off
# Anti-Grain Multiple Rows Requirement: Off
# Column 1: Integer identifying grain
# Column 2-4: Average orientation (phi1, PHI, phi2) in degrees
# Column 5-6: Average Position (x, y) in microns
# Column 7: Average Image Quality (IQ)
# Column 8: Average Confidence Index (CI)
# Column 9: Edge grain (1) or interior grain (0)
# Column 10: Area of grain in square microns
     1   58.986   91.533   61.61   334.500     3.000 34496.3  0.009 0 1.800e+01 
     2  329.319  158.778  327.17   516.000     7.500 32088.0  0.006 0 1.800e+01 
     3   44.168  137.877   51.80    97.500     9.000 33383.1  0.021 0 1.800e+01 
     4  129.980   60.837  159.35   186.000    10.500 30150.4  0.021 0 1.800e+01 
     5  253.042   62.350  281.47   910.500    12.000 31689.6  0.055 0 1.800e+01 
     6  191.776   13.472   75.63  1084.475    25.042 62472.6  0.519 0 2.124e+03 
     7  183.423   28.766  148.32  1162.457    25.506 72806.2  0.621 1 2.169e+03 
     8   89.583   83.109   27.46   616.500    15.000 9938.6  0.009 0 1.800e+01 
     9   74.590  149.959   58.22   855.000    19.563 49757.4  0.105 0 4.320e+02 
    10  149.464   88.823  121.63   902.776    24.336 67548.3  0.376 0 9.630e+02 
    11   56.443  108.881   43.55   987.533    18.757 55862.5  0.325 0 9.630e+02 
    12  182.748   25.204  146.73     1.200    27.600 51139.7  0.326 1 9.000e+01 
    13    5.477   22.852  193.14   547.250    20.250 33151.8  0.088 0 1.080e+02 
    14  208.825  151.320  184.54   597.170    24.057 45095.9  0.314 0 4.770e+02 
    15  101.574  140.478   65.26   692.941    27.570 70371.5  0.341 0 2.745e+03 
    16  139.276  159.169  294.81   812.502    73.594 117072.4  0.826 0 1.545e+04 
    17   73.427  150.254  236.85   817.500    18.000 46101.9  0.143 0 3.600e+01 
    18   73.005   45.785  352.76  1021.100    26.500 87019.6  0.634 0 5.400e+02 
    19   11.255  140.405    9.12   361.600    21.800 35889.8  0.131 0 1.350e+02 
    20  190.490   34.651  136.71   401.460    34.043 73470.5  0.459 0 1.449e+03 
    21   53.198   28.537  275.82   482.941    27.691 46952.2  0.455 0 1.368e+03 
    22  146.059  167.890  303.69   953.936    46.403 100138.8  0.825 0 3.753e+03 
    23  120.511   69.764  272.63   130.500    24.000 30290.4  0.012 0 1.800e+01 
    24  145.541  135.076  293.03   309.846    63.772 113871.8  0.564 0 1.319e+04 
    25  191.492   39.674  110.74   343.500    24.000 32310.6  0.067 0 1.800e+01 
    26  356.539   15.557  322.20   567.245    38.495 86616.2  0.665 0 1.764e+03 
    27  108.114  107.464  292.18   139.762    41.747 69138.9  0.506 0 3.096e+03 
    28  107.504   64.665  286.42   209.462    32.462 50258.6  0.220 0 3.510e+02 
    29  246.379  139.586  271.69    28.500    30.000 34311.9  0.012 0 1.800e+01 
    30  237.106  120.141  289.97     7.929    39.857 55348.6  0.424 1 2.520e+02 
    31  224.054  154.566  311.69    29.250    43.083 58272.4  0.353 0 3.240e+02 
    32  214.491   26.307  113.10    43.909    33.273 35754.2  0.067 0 9.900e+01 
    33   41.473  149.298    5.39   467.534    50.128 107062.3  0.490 0 2.664e+03 
    34  137.053  154.972  278.83   662.667    91.606 117955.7  0.603 0 1.536e+04 
    35  287.522   39.365  220.80  1016.466    41.959 100589.4  0.476 0 6.570e+02 
    36  324.748   32.729  358.63   899.481    56.457 118055.8  0.524 0 1.143e+03 
    37   80.327   73.765  262.21  1054.664    65.020 122704.0  0.706 0 4.464e+03 
    38  214.924   40.556  101.48   545.447    76.671 121909.8  0.383 0 4.491e+03 
    39  321.490  152.805  109.44  1157.266    61.956 110401.1  0.769 1 4.266e+03 
    40   61.752  151.610   48.41    75.298    56.896 93473.8  0.441 0 1.809e+03 
    41   72.672  163.317   45.38    12.324    53.270 81857.7  0.476 1 3.330e+02 
    42  305.035   34.642   31.86   423.800    67.880 111894.1  0.399 0 1.350e+03 
    43  314.966   25.515   29.70   186.516    93.426 107587.6  0.549 0 5.391e+03 
    44  227.188   44.885   95.05    21.990    77.162 103450.9  0.442 1 1.773e+03 
    45  140.638  144.227  280.51   121.195    87.242 120155.7  0.475 0 3.231e+03 
    46  252.115  112.177  118.38   964.726   116.899 129213.0  0.867 0 9.567e+03 
    47  313.043  155.687  343.46     0.000    64.500 121057.9  0.912 1 1.800e+01 
    48   59.708   47.786  312.29    60.724    76.862 108609.9  0.698 0 5.220e+02 
    49  292.972  110.891   16.69  1119.882   123.367 143690.8  0.827 0 8.091e+03 
    50   93.141  106.214   55.36   496.964   109.855 130403.7  0.701 0 4.482e+03 
    51   59.936   37.015   13.01   448.070    95.386 131671.8  0.798 0 1.539e+03 
    52  325.577   28.787  238.20   392.638   117.840 117954.1  0.616 0 2.538e+03 
    53  116.461  151.843  280.34  1183.621   134.835 125964.3  0.698 1 3.447e+03 
    54   90.021  135.184   87.05   893.565   130.767 111130.0  0.067 0 2.979e+03 
    55  109.085  171.394   33.95    43.237   140.967 111058.4  0.797 1 8.991e+03 
    56  317.974   48.430   21.59   237.663   118.622 110690.5  0.419 0 3.096e+03 
    57  274.275  134.605  153.04   906.000    94.500 107839.9  0.018 0 1.800e+01 
    58  216.110   46.899  105.55  1050.518   134.642 123553.4  0.393 0 4.905e+03 
    59  135.644  140.702  278.79   285.631   125.326 122165.4  0.532 0 2.484e+03 
    60  234.810   52.669  135.19   578.602   162.189 132018.5  0.685 0 9.000e+03 
    61  274.227  134.691  153.05   882.000   106.500 95233.4  0.052 0 1.800e+01 
    62  274.224  134.596  152.84   889.500   108.000 110644.8  0.039 0 1.800e+01 
    63   51.857  155.359   31.48   340.568   139.559 113905.0  0.393 0 2.997e+03 
    64   46.635    3.237  216.72   431.427   139.530 135668.3  0.869 0 3.159e+03 
    65  124.151   65.720  291.43   124.511   162.595 131750.0  0.855 0 7.758e+03 
    66  150.865  158.654  298.25   769.640   132.760 134834.7  0.728 0 2.700e+03 
    67   94.069   45.318  327.08   868.500   123.000 105214.2  0.015 0 1.800e+01 
    68  274.140  134.638  152.93   895.500   135.000 115305.2  0.060 0 1.800e+01 
    69  163.852  156.008  259.93   733.200   167.581 133875.3  0.868 0 2.385e+03 
    70  239.316  162.533  355.66   856.561   173.959 136958.3  0.868 0 3.942e+03 
    71  257.190   57.501  120.83   188.133   148.733 105586.8  0.370 0 4.050e+02 
    72  235.177  143.812  326.66   479.471   157.618 141248.5  0.805 0 9.180e+02 
    73  279.882   48.316  220.28   518.071   165.163 126532.0  0.612 0 1.656e+03 
    74   94.232   45.217  326.95   892.500   141.000 111615.6  0.006 0 1.800e+01 
    75   94.168   45.398  327.13   900.000   142.500 114378.8  0.027 0 1.800e+01 
    76  180.994  133.875  308.62   792.139   173.452 127253.1  0.513 0 2.907e+03 
    77  106.414   51.363  350.93   253.219   234.625 147994.9  0.806 0 2.727e+04 
    78  295.166  128.397   13.97   188.049   167.195 129649.2  0.766 0 7.380e+02 
    79   51.578  126.572   61.22   873.000   151.500 99747.1  0.048 0 1.800e+01 
    80   68.486   26.556  190.13  1029.673   183.384 139248.8  0.816 0 4.221e+03 
    81  290.374   53.208  207.25   423.210   226.444 127420.8  0.482 0 1.750e+04 
    82  124.817   32.492  324.40   648.574   238.738 138591.0  0.818 0 1.611e+04 
    83   53.141  111.476  344.73   923.546   180.529 127635.4  0.562 0 2.142e+03 
    84  299.345   29.873  253.09     0.000   172.500 107445.5  0.424 1 1.800e+01 
    85  200.207  148.700  305.07  1144.372   199.162 129583.9  0.888 0 2.952e+03 
    86  268.523  104.094  175.62   496.017   186.559 134774.4  0.816 0 5.310e+02 
    87  100.001   99.931   50.28  1111.541   186.432 128126.5  0.883 0 9.990e+02 
    88  107.978   92.017  353.23   967.545   255.138 138276.4  0.921 0 1.589e+04 
    89  269.331   71.471  231.35     0.000   187.500 125268.8  0.806 1 1.800e+01 
    90  247.508  129.954  336.19   147.564   220.851 132801.7  0.795 0 2.538e+03 
    91  271.012   71.557  235.32  1200.000   189.000 121829.3  0.624 1 2.700e+01 
    92  253.200   87.898  187.54   511.027   208.697 141683.8  0.890 0 1.368e+03 
    93   50.570   35.498  334.37   739.172   241.300 138312.1  0.801 0 7.812e+03 
    94   81.002   13.925  351.17   825.967   224.151 127438.2  0.716 0 4.356e+03 
    95  335.902  143.308  309.39    49.804   258.537 82895.8  0.616 1 9.252e+03 
    96   41.584  119.022   41.81  1071.870   225.293 125204.6  0.663 0 2.763e+03 
    97  193.706  150.215  292.60  1193.346   206.891 125845.1  0.807 1 4.950e+02 
    98   55.360  109.799   38.25   896.572   206.449 125712.7  0.442 0 4.410e+02 
    99  190.260  148.179  290.96     0.000   205.500 67313.0  0.036 1 1.800e+01 
   100   71.667   83.057  354.53  1145.125   244.868 131815.2  0.824 1 5.769e+03 
   101  269.857   62.208  226.90   787.000   208.000 115871.5  0.469 0 2.700e+01 
   102  189.859  146.671  291.26     0.000   214.500 135016.7  0.936 1 1.800e+01 
   103  308.214  147.304   30.36   880.154   246.692 127467.2  0.761 0 2.223e+03 
   104  210.172  153.405  300.50   526.583   240.798 123206.1  0.816 0 1.962e+03 
   105  287.701   12.494   32.44   569.371   246.581 133017.7  0.766 0 2.277e+03 
   106  188.971  146.771  290.79     0.000   229.500 74233.7  0.170 1 1.800e+01 
   107   67.832   84.089  358.15     0.000   240.000 90415.7  0.373 1 4.500e+01 
   108  196.574  153.511  302.15   358.319   273.383 132718.0  0.871 0 2.538e+03 
   109   87.480   40.091   66.08   129.255   250.277 116463.0  0.592 0 4.230e+02 
   110  111.322   20.738  338.39   117.487   294.763 127725.5  0.832 0 5.877e+03 
   111  294.645  143.431    5.86  1194.301   264.900 138109.8  0.778 1 3.600e+02 
   112  287.417  144.601    0.47     0.692   268.154 110075.2  0.502 1 1.170e+02 
   113  230.520  112.210  294.14   535.874   321.617 130993.7  0.802 0 1.227e+04 
   114  218.004  130.430  322.96   800.487   289.852 139568.7  0.821 0 4.257e+03 
   115  246.610  130.193  337.07   864.428   320.793 141865.4  0.743 0 8.586e+03 
   116   53.074   93.094   49.23  1024.553   353.350 132646.3  0.880 0 2.085e+04 
   117   94.229   93.263    2.69  1155.226   331.903 136025.9  0.890 1 1.127e+04 
   118  303.954  119.507  331.16   750.153   315.395 141931.7  0.825 0 3.006e+03 
   119  271.252   87.043  173.97     0.000   291.000 115824.4  0.655 1 2.700e+01 
   120   34.018   21.207  288.78   363.893   367.820 115805.9  0.746 0 1.770e+04 
   121  248.596   13.525   67.38   705.429   304.029 123754.9  0.864 0 3.150e+02 
   122  271.245   86.982  174.07     0.000   301.500 112603.5  0.448 1 1.800e+01 
   123  127.877   50.753  141.99   457.014   328.542 143872.3  0.857 0 1.944e+03 
   124  165.464  148.357  312.25   687.000   312.800 121604.7  0.582 0 1.350e+02 
   125   67.772  129.634  276.35   643.622   345.280 120901.4  0.510 0 5.013e+03 
   126   72.406  142.933   54.67   711.092   330.860 111481.8  0.373 0 1.476e+03 
   127  271.507   86.824  174.12     0.000   327.000 121189.5  0.650 1 8.100e+01 
   128  220.769   85.608  291.03   243.219   347.307 118915.3  0.554 0 8.145e+03 
   129   82.811   48.803  307.67   921.370   350.451 132630.8  0.774 0 2.115e+03 
   130  234.016   61.084  127.23   127.809   425.609 100126.7  0.503 0 3.469e+04 
   131  134.413  155.080  286.23     8.377   344.717 89711.6  0.518 1 4.770e+02 
   132  174.368   17.800  149.83   773.765   353.314 128645.2  0.763 0 1.260e+03 
   133  290.072   58.933  351.62   839.754   428.559 104058.7  0.370 0 1.895e+04 
   134  200.455  146.679  343.55   469.567   393.835 130105.6  0.899 0 7.893e+03 
   135  244.784  125.648  305.48   701.347   366.876 130726.0  0.783 0 2.313e+03 
   136   91.418   92.973  306.20     0.000   348.000 98567.9  0.359 1 2.700e+01 
   137    3.186  133.665   30.04   596.400   360.975 121818.0  0.765 0 3.600e+02 
   138  271.264   86.974  173.99     0.000   360.000 119628.2  0.757 1 2.700e+01 
   139   85.764  163.790  246.44   735.463   388.875 113626.1  0.640 0 2.448e+03 
   140  241.872  145.318  335.34     7.634   398.268 117337.5  0.723 1 1.107e+03 
   141  280.726  136.634   91.51  1120.683   410.169 126317.9  0.730 0 5.166e+03 
   142  271.262   87.072  174.31     0.000   372.000 138572.1  0.899 1 2.700e+01 
   143  231.157  126.169  154.99   591.844   375.000 129643.1  0.835 0 2.880e+02 
   144  289.822  142.209   25.99   648.441   410.391 134946.5  0.763 0 5.760e+03 
   145  319.386   76.476   23.23   577.121   421.666 116909.1  0.394 0 4.797e+03 
   146   91.159   85.217    2.51   925.013   397.500 125589.2  0.864 0 7.200e+02 
   147  251.743   60.935  133.04   284.849   426.908 113443.5  0.401 0 3.033e+03 
   148  230.324   31.640   83.32  1191.282   413.000 114058.6  0.532 1 8.640e+02 
   149  232.291   29.150   77.63     0.000   394.500 120560.7  0.564 1 1.800e+01 
   150   58.686  112.751   43.77   134.342   426.940 109485.9  0.443 0 2.871e+03 
   151  234.833   62.816  320.48   533.500   421.695 115163.2  0.475 0 9.720e+02 
   152  248.740   52.951  126.59   733.046   440.921 106431.2  0.628 0 4.104e+03 
   153   55.368   26.251  195.43  1046.320   439.724 114739.9  0.758 0 3.258e+03 
   154  229.610   66.519  128.93   512.406   464.904 97220.0  0.588 0 3.951e+03 
   155  122.496   52.697  264.59   949.971   438.888 121042.3  0.801 0 1.521e+03 
   156  115.936  137.952  260.58   412.061   456.083 92060.9  0.335 0 3.258e+03 
   157  246.772   59.105  137.65  1184.197   456.375 100001.9  0.526 1 2.016e+03 
   158   39.190   45.001  207.03   692.308   435.692 104219.2  0.509 0 1.170e+02 
   159  234.452   45.169  136.75   917.205   461.166 89059.9  0.451 0 1.359e+03 
   160  123.012  146.088  249.84    29.280   497.381 76251.3  0.425 1 7.578e+03 
   161   66.333  107.558  349.59   323.268   466.804 102460.0  0.714 0 3.024e+03 
   162  105.330  119.761  255.58  1111.903   493.155 72213.3  0.298 0 1.046e+04 
   163  113.544  146.882  258.74   996.027   452.211 108247.1  0.402 0 1.026e+03 
   164  203.989   20.215  112.38  1057.665   477.225 90762.4  0.731 0 1.557e+03 
   165  132.266  143.846  270.57   244.412   487.543 87522.4  0.388 0 4.779e+03 
   166   39.182   44.932  206.81   616.500   445.500 100499.1  0.677 0 3.600e+01 
   167  191.442   18.333   87.05   659.505   471.668 99094.3  0.858 0 4.527e+03 
   168   51.180  111.069   36.92   477.609   481.826 88735.0  0.438 0 2.529e+03 
   169  341.845   34.921  346.94   363.329   466.207 91872.5  0.580 0 7.380e+02 
   170  355.565    6.319  286.13   564.847   485.881 91257.8  0.704 0 3.186e+03 
   171   91.423  134.159   57.38   932.666   510.686 57398.9  0.145 0 4.608e+03 
   172   89.241  107.554   59.84   997.103   507.057 73431.2  0.395 0 6.660e+03 
   173  110.494  164.514  254.22   442.613   493.783 78563.3  0.689 0 1.908e+03 
   174  211.926   33.062  114.56   787.867   511.964 63196.0  0.424 0 7.218e+03 
   175  177.577   39.375  146.63   604.500   472.500 78644.2  0.642 0 3.600e+01 
   176    6.403  142.696   30.50   615.314   525.043 58460.7  0.552 0 7.074e+03 
   177  108.317  140.138  258.76   721.492   520.740 55530.3  0.262 0 4.329e+03 
   178  113.246  132.852  315.73   378.693   516.457 63146.7  0.168 0 5.265e+03 
   179  140.062  152.552  277.08   296.162   528.419 50410.7  0.243 0 5.607e+03 
   180   59.126   96.665  345.70   185.046   508.967 67999.4  0.741 0 1.359e+03 
   181  284.314   62.553  232.30  1174.883   528.671 52164.0  0.268 1 2.898e+03 
   182  245.792   57.718  254.05     0.000   502.500 70109.1  0.518 1 1.800e+01 
   183  130.384  169.822   42.49   527.100   507.150 67024.0  0.712 0 1.800e+02 
   184  229.429   56.162   86.05   880.024   532.301 43960.8  0.090 0 2.241e+03 
   185  248.902   32.675   80.84   438.883   541.798 43222.5  0.288 0 2.538e+03 
   186  128.620  146.491  272.50   473.381   524.381 50935.0  0.405 0 5.670e+02 
   187  152.217  165.970   55.46   524.921   539.368 45164.3  0.398 0 3.420e+03 
   188  127.592  152.056  265.78   678.651   539.186 43233.4  0.174 0 1.161e+03 
   189  103.438  116.477  311.69     0.000   517.500 68224.0  0.446 1 1.800e+01 
   190  299.717   38.897  212.21   215.134   544.306 37742.8  0.136 0 2.151e+03 
   191  237.794   38.274  266.96    70.404   543.468 38784.8  0.156 0 9.810e+02 
   192  103.567  116.567  311.77     0.000   531.000 56940.1  0.249 1 2.700e+01 
   193   45.326   11.275  174.52  1122.000   532.500 33060.6  0.015 0 1.800e+01 
   194  128.599  146.502  272.98   481.500   543.000 26068.1  0.055 0 1.800e+01 
   195   90.841   41.736  295.54   895.500   543.000 33717.1  0.003 0 1.800e+01 
   196  104.336  117.510  247.24  1131.231   546.462 30131.1  0.053 0 1.170e+02 
   197  176.942  111.655  130.74   169.500   546.000 26954.8  0.015 0 1.800e+01 
   198  128.391   34.823  321.47   252.000   547.500 26201.6  0.006 0 1.800e+01 
   199   81.905   53.350   20.08  1099.500   546.000 28045.9  0.003 0 1.800e+01 
   200  180.704  134.500   52.26   892.500   549.000 30233.1  0.012 0 1.800e+01 
   201  269.429   70.571   58.93   970.500   549.000 25275.6  0.033 0 1.800e+01 
   202  256.461  147.599  305.05  1050.000   550.500 28284.0  0.006 0 1.800e+01 
   203  202.782   34.737   96.85  1053.000   550.500 29748.0  0.000 0 1.800e+01 
   204  105.401  119.923  315.62  1087.500   549.000 27983.1  0.006 0 1.800e+01 
   205  284.104   62.316  232.76  1116.750   549.750 24397.5  0.013 0 3.600e+01 
   206  113.846  132.798  255.82   352.000   554.000 23419.4  0.002 0 2.700e+01 
   207   91.575   45.445  345.60   393.000   553.500 31017.4  0.052 0 1.800e+01 
   208  315.777  134.647   16.77   403.500   552.000 30670.7  0.009 0 1.800e+01 
   209   90.831   41.921  296.12   853.500   552.000 26731.3  0.009 0 1.800e+01 
   210  105.039  119.426  315.57  1042.500   552.000 23202.5  0.009 0 1.800e+01 
   211  104.450  117.402  307.00  1086.000   555.000 31977.0  0.068 0 4.500e+01 
   212  104.780  117.547  307.29  1099.500   554.000 29128.1  0.023 0 5.400e+01 
   213  283.815   63.592  228.22     0.000   556.500 28430.8  0.091 1 1.800e+01 
   214  233.235   61.603  127.95   154.500   555.000 25068.8  0.009 0 1.800e+01 
   215  271.873  134.708  134.07   357.000   556.500 26612.3  0.006 0 1.800e+01 
   216   90.947   45.190  346.29   405.000   556.500 28750.6  0.033 0 1.800e+01 
   217  150.525  166.639   53.84   480.000   556.500 24199.9  0.030 0 1.800e+01 
   218  229.885   56.458   86.21   853.500   555.000 29285.5  0.054 0 1.800e+01 
   219   48.598  147.477  142.59   966.429   555.429 30370.1  0.075 0 6.300e+01 
   220  229.117   32.801   36.67   993.000   555.000 28478.2  0.075 0 8.100e+01 
   221    6.796    6.543  214.06  1078.500   555.000 29183.3  0.003 0 1.800e+01 
   222  250.028  150.571  344.61   109.500   561.000 23925.2  0.009 0 1.800e+01 
   223  113.030  132.696  255.20   404.000   562.000 30055.5  0.010 0 2.700e+01 
   224  108.820   46.078   39.26   859.500   561.000 17684.1  0.012 0 1.800e+01 
   225   57.575  141.762   93.03    40.500   564.000 30167.9  0.024 0 1.800e+01 
   226   44.891  147.189  124.14   958.500   564.000 17911.5  0.009 0 1.800e+01 
   227   10.314   45.647  218.08   531.000   568.500 18085.7  0.003 0 1.800e+01 
   228  167.054  123.550  300.33  1148.250   567.750 3799.1  0.009 0 3.600e+01 
   229  270.243   95.050  283.07  1158.527   591.962 3678.3  0.012 1 1.179e+03 
   230   16.463   52.167   14.09   717.000   574.500 3985.6  0.021 0 1.800e+01 
   231  194.245   59.289  121.32   732.000   576.000 3867.6  0.013 0 4.500e+01 
   232  269.082   95.203  161.77   736.500   573.000 3978.0  0.009 0 1.800e+01 
   233  166.495  122.192  300.72   745.500   573.000 3753.9  0.003 0 1.800e+01 
   234  269.369   95.105  161.32   739.928   590.702 3682.2  0.012 1 3.978e+03 
   235  194.183   59.609  121.42   820.500   573.000 3799.1  0.030 0 1.800e+01 
   236  270.032   95.067  102.79  1093.637   588.273 3685.7  0.012 1 3.960e+02 
   237  167.064  123.383  300.37  1118.000   575.000 3720.8  0.004 0 2.700e+01 
   238   64.624   81.578  309.30   126.000   577.500 5624.6  0.015 0 1.800e+01 
   239  194.164   58.586  120.91   474.000   577.500 3913.2  0.015 0 1.800e+01 
   240  165.666  120.109  301.15   488.000   578.000 3870.6  0.004 0 2.700e+01 
   241  269.422   95.096  281.41   765.000   579.000 3703.5  0.012 0 2.700e+01 
   242  166.518  122.323  300.69   775.500   576.000 3755.6  0.006 0 1.800e+01 
   243  166.454  122.367  300.73   790.500   576.000 3750.8  0.006 0 1.800e+01 
   244  194.314   59.721  121.30   838.500   576.000 3811.0  0.064 0 1.800e+01 
   245  228.385   13.294   33.14   864.000   577.500 4933.3  0.006 0 1.800e+01 
   246   16.312  118.322   59.17   927.000   577.500 3974.4  0.024 0 1.800e+01 
   247  167.141  122.786  300.62  1013.253   591.317 3677.0  0.001 1 2.385e+03 
   248  166.932  123.169  300.39  1039.500   576.000 3729.2  0.006 0 1.800e+01 
   249  342.325  178.062  280.42  1053.000   577.500 15364.9  0.003 0 1.800e+01 
   250   13.527  121.690   57.66  1086.000   577.500 3811.7  0.024 0 1.800e+01 
   251  256.935   86.730  127.61  1107.000   577.500 3648.7  0.006 0 1.800e+01 
   252   14.703  119.216   58.16  1125.000   577.500 3783.0  0.033 0 1.800e+01 
   253  196.064  128.685  104.93  1135.500   576.000 3890.5  0.012 0 1.800e+01 
   254  267.321   95.005  158.82    14.625   585.563 3701.5  0.019 0 1.440e+02 
   255  193.274   56.682  120.29    16.500   579.000 3849.0  0.015 0 1.800e+01 
   256  347.938   55.458  237.05   105.000   580.500 3852.1  0.009 0 1.800e+01 
   257  166.399  121.769  301.96   148.000   580.000 3751.9  0.008 0 2.700e+01 
   258  165.872  120.927  301.15   346.500   579.000 3724.3  0.006 0 1.800e+01 
   259  166.068  121.344  301.01   477.000   580.500 3721.0  0.006 0 1.800e+01 
   260  268.673   95.089  160.40   482.778   591.667 3685.2  0.014 1 2.430e+02 
   261  193.825   58.705  121.13   495.000   580.500 3952.4  0.003 0 1.800e+01 
   262  194.354  126.529  283.86   618.000   580.500 3514.8  0.015 0 1.800e+01 
   263  207.958   85.077  283.57   810.000   580.500 4196.0  0.012 0 1.800e+01 
   264   14.463  119.962   58.41   939.000   579.000 3893.7  0.014 0 2.700e+01 
   265  166.995  122.596  300.67   940.875   583.500 3718.2  0.003 0 7.200e+01 
   266  198.707  106.925  111.69  1040.000   580.000 3712.9  0.006 0 2.700e+01 
   267  270.136   95.022  282.92  1117.500   579.000 3694.7  0.012 0 1.800e+01 
   268  165.527  119.976  301.50    82.500   582.000 3816.5  0.003 0 1.800e+01 
   269  267.499   95.016  159.07    88.500   582.000 3690.6  0.018 0 1.800e+01 
   270  267.398   95.163  158.90   109.286   584.571 3675.0  0.023 0 6.300e+01 
   271  347.216   56.948  237.44   116.000   583.000 3741.2  0.010 0 2.700e+01 
   272  267.614   95.072  159.15   130.970   592.657 3672.7  0.018 1 6.030e+02 
   273  110.382  141.408   12.85   133.500   582.000 3810.4  0.000 0 1.800e+01 
   274  267.753   95.028  279.37   179.613   593.613 3679.8  0.018 1 5.580e+02 
   275  267.793   95.072  279.49   214.313   588.938 3724.1  0.018 0 1.440e+02 
   276  268.154   95.027  159.69   267.663   594.663 3678.1  0.014 1 8.550e+02 
   277  268.142   95.093  160.04   329.500   585.500 3794.5  0.014 0 5.400e+01 
   278  268.325   95.043  159.95   342.857   584.143 3695.0  0.014 0 6.300e+01 
   279  268.459   95.032  160.04   361.696   593.739 3673.3  0.014 1 2.070e+02 
   280  268.352   95.054  160.02   364.000   584.000 3697.7  0.014 0 2.700e+01 
   281  268.408   95.143  160.33   474.000   585.000 3739.0  0.017 0 4.500e+01 
   282  166.382  122.020  300.79   685.500   582.000 3745.6  0.006 0 1.800e+01 
   283  198.121  105.950  111.34   745.800   583.200 3711.8  0.006 0 4.500e+01 
   284  166.496  122.273  300.71   760.500   582.000 3749.9  0.006 0 1.800e+01 
   285  198.205  106.091  111.39   789.000   583.500 3706.6  0.006 0 1.800e+01 
   286  166.975  122.393  300.74   895.091   592.636 3673.0  0.001 1 9.900e+01 
   287   14.391  119.899   58.38   907.500   582.000 3890.7  0.030 0 1.800e+01 
   288  166.985  122.475  300.71   914.609   591.652 3675.5  0.001 1 2.070e+02 
   289  198.668  106.666  111.59   921.000   583.500 3723.5  0.006 0 1.800e+01 
   290  198.578  106.710  111.61   975.857   587.572 3701.9  0.006 0 6.300e+01 
   291  198.669  106.862  111.66  1021.500   582.000 3709.6  0.006 0 1.800e+01 
   292  169.887  128.563   63.75  1116.000   583.500 3744.4  0.009 0 1.800e+01 
   293  194.903   60.427  121.76  1119.000   583.500 3791.0  0.003 0 1.800e+01 
   294  198.920  107.272  111.82  1146.600   583.800 3719.6  0.006 0 4.500e+01 
   295  194.883   60.941  121.80  1158.000   584.400 3827.0  0.028 0 4.500e+01 
   296  267.427  126.527  162.08  1165.500   582.000 4043.8  0.006 0 1.800e+01 
   297  347.985   55.747  236.61    13.500   585.000 3714.2  0.012 0 1.800e+01 
   298  347.469   56.517  237.10    44.400   587.400 3816.2  0.010 0 4.500e+01 
   299  267.505   95.062  159.31    82.500   585.000 3828.2  0.015 0 1.800e+01 
   300  348.081   55.500  236.67    91.000   589.750 3711.9  0.012 0 1.080e+02 
   301  348.131   55.366  236.71   132.000   586.500 3714.0  0.012 0 1.800e+01 
   302  166.808  122.859  242.20   274.500   585.000 3784.6  0.003 0 1.800e+01 
   303  165.880  120.595  301.29   283.500   585.000 3724.8  0.006 0 1.800e+01 
   304  247.122  155.209  118.66   349.500   585.000 3751.1  0.000 0 1.800e+01 
   305  268.587   95.053  280.23   422.515   595.546 3681.6  0.013 1 8.910e+02 
   306   88.694   84.886   19.41   516.750   587.250 3735.5  0.013 0 3.600e+01 
   307  268.616   95.186  280.54   566.000   586.500 3721.4  0.012 0 5.400e+01 
   308  194.008   58.883  121.13   598.500   585.000 3741.5  0.015 0 1.800e+01 
   309  166.331  121.925  300.81   658.500   585.000 3733.2  0.006 0 1.800e+01 
   310  169.161  126.840   64.08   666.000   586.500 3709.4  0.000 0 1.800e+01 
   311  197.961  105.743  111.23   679.500   585.000 3713.5  0.006 0 1.800e+01 
   312   18.246   74.048  308.65   709.500   585.000 3710.9  0.006 0 1.800e+01 
   313  269.390   95.101  161.40   757.500   585.000 3756.8  0.015 0 1.800e+01 
   314   18.259   73.921  308.61   765.750   585.750 3710.7  0.006 0 3.600e+01 
   315  269.745   95.125  161.82   881.226   593.420 3677.2  0.012 1 2.790e+02 
   316   14.337  119.871   58.43   900.000   586.500 3910.4  0.033 0 1.800e+01 
   317  167.128  122.630  300.68   978.000   586.500 3668.9  0.000 0 1.800e+01 
   318  198.589  106.728  111.62   981.000   586.500 3705.0  0.006 0 1.800e+01 
   319  198.638  106.809  111.65  1006.000   587.000 3695.8  0.006 0 2.700e+01 
   320  198.792  107.063  111.74  1083.000   586.500 3708.2  0.006 0 1.800e+01 
   321  198.848  107.153  111.77  1110.000   586.500 3705.7  0.006 0 1.800e+01 
   322  167.141  123.719  300.23  1200.000   586.500 3726.2  0.012 1 1.800e+01 
   323  167.318  123.203  302.88    25.500   591.000 3692.5  0.010 0 3.600e+01 
   324  267.456   95.005  158.93    43.571   595.643 3684.4  0.018 1 3.780e+02 
   325  267.575   95.026  279.08    95.684   595.895 3673.0  0.018 1 1.710e+02 
   326  348.105   55.439  236.69   112.000   589.000 3704.2  0.012 0 2.700e+01 
   327  348.120   55.398  236.70   124.000   589.000 3704.4  0.012 0 2.700e+01 
   328  167.089  122.952  302.47   155.400   589.200 3713.2  0.008 0 4.500e+01 
   329  246.076  155.048  117.76   225.500   591.500 3702.0  0.000 0 5.400e+01 
   330  165.851  120.881  301.17   334.500   588.000 3732.4  0.006 0 1.800e+01 
   331  247.057  155.194  118.60   342.500   591.000 3709.9  0.000 0 5.400e+01 
   332  197.687  104.701  111.22   366.000   588.000 3707.7  0.012 0 2.700e+01 
   333  197.929  105.111  111.37   489.000   589.500 3693.8  0.012 0 1.800e+01 
   334  163.507  138.280  116.73   496.500   588.000 3983.3  0.027 0 1.800e+01 
   335  197.970  105.180  111.39   509.000   590.000 3700.8  0.008 0 2.700e+01 
   336  268.886   95.128  160.86   599.250   588.750 3725.8  0.014 0 3.600e+01 
   337  197.976  105.767  111.24   687.000   589.500 3713.3  0.006 0 1.800e+01 
   338   18.341   73.886  308.60   757.500   588.000 3708.5  0.006 0 1.800e+01 
   339  166.844  122.161  300.82   819.000   589.500 3570.0  0.003 0 1.800e+01 
   340  198.578  106.582  111.56   910.000   589.000 3704.6  0.006 0 2.700e+01 
   341  194.168   59.987  121.73   921.000   589.500 3941.8  0.009 0 1.800e+01 
   342  166.795  122.783  300.51   933.000   589.500 3656.9  0.000 0 1.800e+01 
   343  198.605  106.754  111.63   990.000   589.500 3696.3  0.006 0 1.800e+01 
   344  198.620  106.780  111.63   997.500   588.000 3706.6  0.006 0 1.800e+01 
   345  198.738  106.972  111.71  1055.000   589.000 3702.5  0.006 0 2.700e+01 
   346  267.531   95.072  278.94     8.200   597.400 3670.0  0.017 1 1.350e+02 
   347  267.486   95.012  159.06    84.000   592.500 3678.3  0.018 0 1.800e+01 
   348  166.987  122.428  242.20   238.500   591.000 3701.9  0.003 0 1.800e+01 
   349  165.737  120.569  301.25   250.500   591.000 3732.9  0.003 0 1.800e+01 
   350  165.948  120.603  301.17   321.000   592.500 3726.1  0.006 0 1.800e+01 
   351  197.738  104.784  111.25   391.500   591.000 3753.1  0.009 0 1.800e+01 
   352  197.772  104.842  111.27   409.000   593.000 3710.6  0.012 0 2.700e+01 
   353  197.806  104.902  111.29   426.000   591.000 3715.1  0.010 0 2.700e+01 
   354  193.790   58.398  120.96   448.500   591.000 3764.3  0.012 0 1.800e+01 
   355  268.690   95.100  280.49   505.500   596.000 3662.5  0.014 1 1.080e+02 
   356  194.486  126.844  284.26   531.000   594.000 4052.0  0.006 0 2.700e+01 
   357  197.824  105.403  111.16   567.750   591.750 3707.0  0.010 0 3.600e+01 
   358   18.356   74.312  308.61   582.500   595.000 3713.7  0.016 0 5.400e+01 
   359  198.050  105.585  111.29   605.143   597.429 3707.8  0.012 1 6.300e+01 
   360  269.501   95.169  161.89   865.500   591.000 3817.2  0.009 0 1.800e+01 
   361  198.519  106.611  111.58   946.500   591.000 3705.1  0.006 0 1.800e+01 
   362  194.515   60.263  121.68   966.000   592.500 3713.9  0.018 0 1.800e+01 
   363   16.720   50.695   13.99  1101.000   592.500 3793.8  0.006 0 1.800e+01 
   364  270.110   95.042  282.93  1111.500   595.500 3673.3  0.011 1 9.000e+01 
   365   19.018   72.642  308.15  1156.200   592.200 3702.5  0.006 0 4.500e+01 
   366  348.020   55.661  236.63    37.500   594.000 3702.0  0.012 0 1.800e+01 
   367  348.047   55.589  236.65    64.500   594.000 3704.3  0.012 0 1.800e+01 
   368  267.456   95.060  159.23   154.500   594.000 3669.0  0.018 0 1.800e+01 
   369  348.163   55.291  236.73   157.500   597.000 3700.5  0.010 1 3.600e+01 
   370  267.848   95.078  279.46   215.250   598.125 3671.3  0.018 1 7.200e+01 
   371  268.313   95.025  159.86   315.000   598.286 3675.5  0.013 1 6.300e+01 
   372   18.734   74.676  308.60   337.500   594.000 3705.9  0.006 0 1.800e+01 
   373  268.367   95.034  159.95   341.750   598.000 3670.5  0.013 1 1.080e+02 
   374  247.173  155.211  118.70   357.000   595.500 3711.9  0.000 0 1.800e+01 
   375  346.119   58.871  238.87   454.500   594.000 3696.4  0.006 0 1.800e+01 
   376  345.931   59.595  239.10   553.000   595.000 3768.9  0.004 0 2.700e+01 
   377  268.984   95.063  280.73   565.000   595.000 3670.0  0.012 0 2.700e+01 
   378   16.659   52.029  313.70   573.000   595.500 3667.6  0.021 0 1.800e+01 
   379  269.017   95.081  280.81   591.188   597.938 3673.2  0.012 1 1.440e+02 
   380  197.957  105.702  111.24   670.500   594.000 3715.3  0.006 0 1.800e+01 
   381  198.166  105.940  111.34   729.000   595.800 3709.5  0.006 1 4.500e+01 
   382  269.644   95.121  281.72   857.000   595.000 3698.3  0.012 0 2.700e+01 
   383  195.669   61.329  121.03   865.500   594.000 3912.4  0.024 0 1.800e+01 
   384  198.488  106.558  111.56   931.000   595.000 3709.9  0.006 0 2.700e+01 
   385  232.299   16.187   23.70   963.000   595.500 3636.5  0.000 0 1.800e+01 
   386  198.590  106.728  111.62   982.500   594.000 3703.4  0.006 0 1.800e+01 
   387  348.002   55.708  236.62    24.000   598.500 3716.4  0.012 1 1.800e+01 
   388  348.056   55.663  236.80    72.600   599.400 3703.1  0.013 1 4.500e+01 
   389  245.903  155.022  117.61   207.000   598.500 3700.3  0.000 1 1.800e+01 
   390  268.147   95.060  159.81   306.000   598.500 3661.6  0.015 1 1.800e+01 
   391  246.849  155.168  118.42   319.500   597.000 3699.6  0.000 0 1.800e+01 
   392  268.992   95.069  280.74   569.000   599.000 3678.9  0.012 1 2.700e+01 
   393  166.654  122.629  300.58   868.500   597.000 3712.5  0.006 0 1.800e+01 
   394  194.318   60.185  121.66   922.500   597.000 3877.3  0.021 0 1.800e+01 
   395  166.872  122.665  300.58   928.000   599.000 3663.0  0.000 1 2.700e+01 
   396  198.771  107.024  111.73  1072.500   597.000 3707.5  0.006 0 1.800e+01 
   397  197.705  104.723  111.24   373.500   600.000 3698.8  0.012 1 1.800e+01 
   398  268.953   95.066  280.68   553.500   600.000 3670.2  0.012 1 1.800e+01 
   399  269.715   95.131  281.75   868.500   600.000 3673.5  0.012 1 1.800e+01 
   400   16.761   51.484  314.14   906.000   600.000 3904.4  0.002 1 2.700e+01 
