# Header: Project1::EBSD_beforeDef::All data::Grain Size   3/29/2018
# 
# Partition Formula: 
# Grain Tolerance Angle: 5.00
# Minimum Grain Size: 2
# Minimum Anti-Grain Size: 2
# Minimum Confidence Index: 0.00
# Multiple Rows Requirement: Off
# Anti-Grain Multiple Rows Requirement: Off
# Column 1: Integer identifying grain
# Column 2-4: Average orientation (phi1, PHI, phi2) in degrees
# Column 5-6: Average Position (x, y) in microns
     1   59.900   31.033  267.79    42.794    86.000 
     2   36.040   67.913  355.49   110.000     0.000 
     3  128.260   10.253  211.40   246.000     0.000 
     4  190.391   97.549  328.62   622.000     0.000 
     5  334.728   29.456   51.87   898.000     0.000 
     6   26.448  109.469   66.15  1100.000     2.000 
     7   39.284   65.501   54.61  1174.000     0.000 
     8  263.660   33.748  321.82  1950.000     0.000 
     9  146.883   60.648   54.05  2020.000     2.000 
    10  146.336    9.097  224.02   894.000     4.000 
    11  300.847  113.879   45.90   936.000     6.000 
    12   43.441   54.058  321.22  2508.000     6.000 
    13   58.458   68.263  324.48  2752.000     6.000 
    14  146.471   92.931  325.12    78.000     8.000 
    15  109.963   89.506   65.06   800.000    10.000 
    16  143.188    9.450  256.53   804.000    10.000 
    17  107.223  166.113  311.10  1668.000    10.000 
    18  252.544  121.941  321.23   628.000    14.000 
    19  337.775  166.712   22.12  2558.000    12.000 
    20  264.046   58.225  285.75   138.135    67.276 
    21   92.254  146.485  323.10   350.000    16.000 
    22   18.578   62.833   34.12   790.000    16.000 
    23  358.407   18.363   59.45  1242.000    16.000 
    24  160.388   14.077  215.25  2736.000    18.000 
    25  164.386   38.328   38.98  2778.000    16.000 
    26  120.187   99.302  316.81   130.000    20.000 
    27  155.364  107.112  193.98   958.000    20.000 
    28  112.854   59.828   16.07  2152.000    22.000 
    29   73.799   72.658  355.40  2222.000    20.000 
    30  214.974   36.381  200.11  2390.000    20.000 
    31   53.976   64.639   71.09  2536.000    22.000 
    32  297.550  147.519   44.29   286.000    24.000 
    33  207.446   71.576  205.52  1190.000    24.000 
    34  355.632   16.801   62.19  1318.000    24.000 
    35  242.205   70.211  121.57  1370.000    24.000 
    36   28.890  105.171   86.86  2466.000    24.000 
    37  260.782  141.902  347.64  2746.910   179.879 
    38  134.460   12.659  266.16   846.000    28.000 
    39  315.657  166.662  333.92  1120.000    30.000 
    40   82.546  100.231   53.77   456.000    34.000 
    41   63.602   38.460   54.87  1016.000    34.000 
    42   12.904   82.321   32.91  1024.000    34.000 
    43  307.300  167.968   26.47  1436.000    32.000 
    44  359.121  105.008  276.79  2134.000    32.000 
    45  100.111  111.149   77.52  2260.000    34.000 
    46  158.435   15.173  215.14  2642.000    32.000 
    47   52.325   57.364   16.47   269.276    62.992 
    48    2.174  105.828   87.29   354.000    36.000 
    49   45.633   80.765   82.41  1958.000    36.000 
    50  138.867   99.621  331.40  2118.000    36.000 
    51  149.840   14.451  195.71  2166.000    36.000 
    52  261.388   53.863  293.35   212.162    61.892 
    53  148.651   28.361  241.63   342.000    40.000 
    54   35.951   83.277   12.06  1450.000    40.000 
    55  166.237   35.318   36.12  2076.000    42.000 
    56  101.444  111.361  318.10  2270.000    40.000 
    57  249.523  147.767  171.26   355.191    98.532 
    58  307.550  169.798  357.82   894.000    44.000 
    59  139.636   12.078  261.16   914.000    44.000 
    60  119.529   94.262  310.56  1020.000    46.000 
    61  320.810  104.350   68.86  1308.000    46.000 
    62   44.174   68.228  348.12  1518.000    44.000 
    63   37.105   78.802  316.34  1800.000    46.000 
    64   62.670   33.242  266.05   447.544   123.072 
    65   32.439   37.432   40.92   974.860    92.883 
    66  321.509  166.231  339.01  1412.000    50.000 
    67  145.610   14.138  257.48  1690.000    48.000 
    68    2.600   16.531   56.16  1906.000    48.000 
    69  311.142  166.311  357.43  2208.000    50.000 
    70  203.957   85.526  331.78  2672.000    50.000 
    71  218.976   38.744  197.25  2698.000    48.000 
    72   71.398  133.992  107.19   555.772    81.823 
    73  177.291   51.842  178.06   546.000    52.000 
    74   55.741  109.103   51.71   664.078    64.039 
    75   66.928   52.920   83.75   783.924    71.098 
    76   53.969   38.651  332.19  1078.423   147.195 
    77  121.642   46.985  335.04  1409.271    79.071 
    78   69.310   56.323  315.24  1549.706    81.803 
    79  284.743  146.688  108.98  2550.000    52.000 
    80   78.545   59.570  305.50   857.863   152.397 
    81  133.380   42.748  262.22  1258.693   132.791 
    82  112.666   43.291   30.73  1339.000    60.000 
    83   57.075   41.739  331.91  1725.068    97.152 
    84  101.718  110.998  260.12  1690.000    56.000 
    85   84.459   54.434  355.88  1792.073    77.927 
    86  268.796  118.810  128.44  1914.339   112.853 
    87  119.866   65.614   16.74  1980.000    58.000 
    88  153.286   13.054  221.05  2426.000    56.000 
    89  103.487   91.861   74.97  2464.000    60.000 
    90  142.706  108.683  348.94  2678.000    56.000 
    91   73.061   52.478    9.38  2085.145    96.963 
    92  105.774   55.450   34.66  2313.085   108.444 
    93  106.423   36.099  337.63  2553.234    84.975 
    94   92.390  128.693  299.09  2629.277    94.780 
    95   88.691   80.469  300.10  2223.386    77.569 
    96   57.136   36.510  324.67   686.846   171.138 
    97  105.142  146.172  306.13  2440.041   151.872 
    98  110.928   58.160   39.02   193.305   113.061 
    99  269.471   96.201  210.41  2256.000    78.000 
   100   49.743   39.418  265.55  2186.495   187.975 
   101   58.772    8.513   21.82  1368.248   178.475 
   102  119.990   54.653  338.51   280.750   104.250 
   103  264.746  122.810  246.25  1691.722   249.570 
   104  292.335  116.935   19.10   246.157   168.210 
   105   84.401   62.944   47.71   539.233   153.903 
   106  162.777   28.219  171.66  1536.942   165.929 
   107  108.937   65.925  352.49   124.216   209.133 
   108  301.434   73.128   62.52  2627.693   286.775 
   109   41.343   37.329  338.98  1001.750   130.375 
   110  250.179  162.732  214.15  1981.235   217.129 
   111  305.060  120.323   89.16  1843.727   243.525 
   112   46.955   41.416  327.97   357.424   179.275 
   113  136.452   38.003  204.84  1167.716   250.317 
   114   48.334   41.408  341.11  2315.632   209.299 
   115  232.828  137.075  336.43  1459.244   273.155 
   116   83.651   54.807   53.51  1894.170   188.068 
   117  292.401  118.806   77.27    14.791   207.876 
   118   66.741   54.403    9.51   495.230   295.524 
   119  122.001   44.504  211.24   302.089   316.072 
   120  106.251   38.486   33.02  1016.732   287.832 
   121  123.947   37.890   21.32   906.727   375.667 
   122   60.307   38.570  314.12   750.444   327.119 
   123  124.832   51.103  335.58  2332.294   298.244 
   124   78.630   66.599   58.54    64.925   327.866 
   125  134.408   52.415  205.05  1280.889   242.074 
   126  291.562  106.309   21.35  2139.013   326.251 
   127  242.309  139.266   33.40     0.000   264.000 
   128  251.567  147.047   52.76  2409.737   264.053 
   129   60.993   53.137  309.11  1275.447   411.823 
   130   95.611   47.650   15.30  2452.456   281.384 
   131  100.301   53.491  231.31  1332.758   290.131 
   132   41.462   42.001  330.13  1985.240   345.343 
   133   60.002   50.767  307.80   605.547   299.227 
   134   56.394   24.307   13.89  2267.346   292.073 
   135  146.063  145.458  357.44  2534.518   527.101 
   136  117.420   44.017   39.72  1556.582   371.991 
   137  108.526   59.093   38.25  1112.853   370.378 
   138  242.788  136.090  340.60  1492.512   362.078 
   139  302.592  143.852   89.82   622.302   401.173 
   140  346.799   78.740  265.72  1905.800   347.000 
   141  109.836   36.993  225.07  1855.207   448.048 
   142  101.245   68.584   47.88  2141.605   444.107 
   143  284.452   50.269  309.36   167.940   521.161 
   144   96.782  103.152   54.53  2262.697   443.837 
   145  299.373  144.226   91.74  1686.409   479.892 
   146   61.706   40.625  326.62     0.000   366.000 
   147   53.367   46.783  314.22  1447.381   434.633 
   148  294.048  136.573   22.51     9.966   426.475 
   149   63.022   64.084  309.87   454.357   516.625 
   150   58.817   78.824   64.32  1133.347   535.436 
   151  282.041   93.656   70.43  2793.442   441.874 
   152  125.818   69.622  350.57  1035.263   457.654 
   153   73.187   77.095   51.54  2001.944   489.406 
   154   77.601   83.503   56.79  1537.382   489.547 
   155  107.819   85.120   62.24   655.328   551.564 
   156  290.276   88.940   48.54   801.234   503.146 
   157   92.634   61.213   56.99   959.965   517.010 
   158  108.839   85.790   42.82  1444.551   506.931 
   159  292.501   61.804   45.00  2218.436   541.593 
   160  295.199   98.856   70.69  1463.267   594.647 
   161   65.968  100.074   48.78  1921.129   595.824 
   162  121.642   73.629  354.50  1024.169   596.652 
   163   71.704   63.833   63.22  1297.576   602.045 
   164   97.271  103.586   54.86  2078.066   563.853 
   165  282.519   81.319   54.94   875.657   603.657 
   166  271.384  122.086  246.82   777.227   601.926 
   167   81.482   95.322  357.93  2133.580   562.632 
   168  290.065   96.983   62.85  2218.345   623.111 
   169  301.168   92.737   74.78  1819.612   622.761 
   170   54.630   50.764  314.07   352.637   611.739 
   171   91.330  103.426  301.45  2024.376   625.661 
   172  252.384   88.678  183.59  2110.907   629.693 
   173  264.222   60.826  236.33  1231.300   624.364 
   174  287.383  111.603   65.44   135.586   604.828 
   175   80.495   94.962  349.67  1688.808   630.934 
   176  287.004  111.765   65.14   145.333   637.333 
   177   65.878  132.967   90.04    38.667   642.667 
   178  245.952   46.782   29.83    54.000   640.000 
   179   17.406   68.191  284.81   182.000   644.000 
   180  251.699   68.417  155.45   298.000   644.000 
   181  170.092   82.029  192.90    38.000   648.000 
   182  101.955  129.483  348.05   186.000   648.000 
   183  111.708   55.676  355.22   204.000   650.000 
   184  299.604  139.194  102.46   166.000   652.000 
   185  325.024   42.252  295.74     0.667   665.333 
   186  245.961   46.222  332.18    88.000   658.000 
   187  116.588   56.544  256.17   776.000   658.000 
   188  101.668   74.588  271.05   956.000   658.000 
   189  139.252  171.676  322.32   600.000   662.000 
   190   52.052  104.056   78.98     8.000   666.000 
   191  288.267   52.615  304.92    36.000   667.000 
   192  246.417   45.935  153.34    54.000   664.000 
   193  194.753   57.739  160.65   164.000   666.000 
   194  239.095   66.416  338.83  1408.000   666.000 
   195  288.314   49.352  126.36    14.000   668.000 
   196   88.711  115.526  277.19   686.000   668.000 
   197   56.456  111.650  320.64  1452.000   670.000 
   198  169.793   80.678  192.52    24.000   676.000 
   199  147.604  123.011  209.42   166.000   672.000 
   200  107.764  126.786  354.51    13.333   677.333 
   201   30.276  123.358  115.71   994.000   676.000 
   202   65.416  134.069   88.04    14.000   684.000 
   203  164.676  140.568  194.47   676.000   686.000 
   204   53.594   81.846  309.41  1088.000   686.000 
   205  248.424   20.133   46.05  1264.000   686.000 
   206  144.310  138.693    3.76     2.000   688.000 
   207  117.688   52.937  293.60  2126.000   688.000 
   208  321.864  144.100  347.65   798.000   692.000 
   209  278.852   19.833  288.43  1082.000   692.000 
   210  242.533   75.450  335.24  2140.000   694.000 
   211   55.553   71.855  308.20  2397.333   694.667 
   212  272.536  110.169  273.06  2680.000   698.000 
   213  158.373  148.855  331.76  2560.000   702.000 
   214  166.355  142.885  195.91   866.000   704.000 
   215  338.471  138.333  299.44  1392.000   706.000 
   216  200.617   51.428  117.65  2756.000   706.000 
   217  216.296  150.247  239.73   466.000   708.000 
