# Header: Project1::EBSD_beforeDef::All data::Grain Size   5/4/2018
# 
# Partition Formula: 
# Grain Tolerance Angle: 5.00
# Minimum Grain Size: 2
# Minimum Anti-Grain Size: 2
# Minimum Confidence Index: 0.00
# Multiple Rows Requirement: Off
# Anti-Grain Multiple Rows Requirement: Off
# Column 1: Integer identifying grain
# Column 2-4: Average orientation (phi1, PHI, phi2) in degrees
# Column 5-6: Average Position (x, y) in microns
# Column 7: Average Image Quality (IQ)
# Column 8: Average Confidence Index (CI)
# Column 9: Edge grain (1) or interior grain (0)
# Column 10: Area of grain in square microns
     1   89.764   29.249  350.89    14.000     0.000 12260.5  0.003 1 3.200e+01 
     2  311.217  168.194  271.22   592.000     2.000 16767.4  0.003 1 3.200e+01 
     3  153.359   32.415  164.27   662.000     0.000 13902.9  0.009 1 3.200e+01 
     4  216.900   47.017  120.85  1158.000     0.000 13518.0  0.006 1 3.200e+01 
     5  358.818   92.507  205.12  1326.000     0.000 18246.5  0.000 1 3.200e+01 
     6  119.102   65.918  316.10  1556.000     2.000 17230.6  0.009 1 3.200e+01 
     7  103.109   79.390  352.46   196.000     6.000 11303.5  0.003 0 3.200e+01 
     8  354.944   56.302  215.75   582.000     4.000 14083.7  0.003 0 3.200e+01 
     9  234.449  158.123  316.53   650.000     4.000 14245.0  0.006 0 3.200e+01 
    10  334.692  146.849   16.32   888.000     6.000 14653.7  0.018 0 3.200e+01 
    11  333.738  126.580  105.33   914.000     4.000 11248.0  0.006 0 3.200e+01 
    12  159.477   98.989  322.74  1138.000     4.000 10845.0  0.012 0 3.200e+01 
    13  193.657   97.438  332.05  1178.000     4.000 14318.5  0.009 0 3.200e+01 
    14  354.895  104.133  215.93  1189.333     5.333 17580.3  0.006 0 4.800e+01 
    15  108.300   77.747  350.43  1224.000     6.000 14153.1  0.018 0 3.200e+01 
    16  187.993  118.418  333.41  1436.000     6.000 13068.0  0.006 0 3.200e+01 
    17  120.346   65.709  316.41  1510.667     6.667 16905.7  0.004 0 4.800e+01 
    18  221.306  110.263  309.76   496.000    10.000 16721.3  0.006 0 3.200e+01 
    19  279.718   69.372  158.39   700.000    10.000 11139.4  0.021 0 3.200e+01 
    20  192.618   96.627  332.13   728.000    10.000 11340.6  0.012 0 3.200e+01 
    21  216.718   45.459  299.48   766.000     8.000 14599.9  0.009 0 3.200e+01 
    22  206.871  166.641  105.31   916.000    10.000 16462.9  0.006 0 3.200e+01 
    23  119.205   74.035  325.82  1128.000    10.000 16391.9  0.006 0 3.200e+01 
    24  217.958   47.177  301.58  1626.000     8.000 11243.5  0.012 0 3.200e+01 
    25  208.322   93.935  338.45  1760.000    10.000 16035.4  0.000 0 3.200e+01 
    26   22.801   98.395   29.97  1506.000    12.000 14654.4  0.009 0 3.200e+01 
    27  119.038   66.608  315.24  1604.000    14.000 15021.5  0.018 0 3.200e+01 
    28   16.854   80.030  342.46  1748.000    14.000 13196.2  0.012 0 3.200e+01 
    29  284.042   68.904  160.13  1764.000    14.000 16513.6  0.003 0 3.200e+01 
    30   55.434   63.992  310.88  1992.000    14.000 17345.4  0.018 0 3.200e+01 
    31  215.806   75.162  126.73   390.000    16.000 11708.4  0.003 0 3.200e+01 
    32   16.276   78.950   28.25  1852.000    18.000 10964.6  0.006 0 3.200e+01 
    33  192.233   96.437  329.70   466.000    20.000 16393.6  0.006 0 3.200e+01 
    34  156.609   33.694  342.71   752.000    22.000 14399.3  0.003 0 3.200e+01 
    35  188.226   94.276  332.50   172.000    26.000 13642.6  0.006 0 3.200e+01 
    36  356.418   19.811  358.75   228.000    26.000 14009.0  0.009 0 3.200e+01 
    37  219.185   46.169  295.39   234.000    24.000 11512.8  0.024 0 3.200e+01 
    38   70.283   63.636  307.84   946.000    24.000 14147.9  0.003 0 3.200e+01 
    39  178.917  163.611  181.74  1070.000    24.000 16613.0  0.015 0 3.200e+01 
    40  147.888   14.556   14.11  1264.000    26.000 14198.7  0.006 0 3.200e+01 
    41  153.425   15.193   10.44  1856.000    26.000 16212.2  0.015 0 3.200e+01 
    42  343.122  143.918  320.64  1904.000    26.000 10622.9  0.021 0 3.200e+01 
    43  122.616   66.467  314.69  2090.000    24.000 17464.4  0.006 0 3.200e+01 
    44   13.827   81.762   29.80   950.000    28.000 16860.3  0.006 0 3.200e+01 
    45  146.381   13.939   16.76  1346.667    30.667 14991.6  0.016 0 4.800e+01 
    46  147.541   12.223  165.19  1440.000    30.000 15478.3  0.012 0 3.200e+01 
    47  148.206   13.102  165.61  2020.000    34.000 15167.4  0.006 0 3.200e+01 
    48  165.118  105.034  145.72  2056.000    34.000 11996.8  0.015 0 3.200e+01 
    49  341.758  166.465   26.55  2134.000    32.000 14170.7  0.009 0 3.200e+01 
    50   41.053   70.322  351.19   428.000    38.000 14093.8  0.015 0 3.200e+01 
    51   48.999  104.821   51.87   590.000    36.000 16729.2  0.006 0 3.200e+01 
    52   98.912  110.481   20.85   824.000    38.000 14935.2  0.009 0 3.200e+01 
    53  283.960  122.988   96.50   954.000    36.000 17473.8  0.003 0 3.200e+01 
    54  322.940  166.510  280.66   968.000    38.000 14450.5  0.006 0 3.200e+01 
    55  143.691   77.833  347.88  1286.000    36.000 14165.1  0.003 0 3.200e+01 
    56  254.589   54.472  298.19  1860.000    38.000 13737.2  0.000 0 3.200e+01 
    57   18.729   65.134  334.92   218.000    40.000 11479.3  0.006 0 3.200e+01 
    58   80.505  143.403   95.34   640.000    42.000 10604.2  0.006 0 3.200e+01 
    59  192.669   97.054  332.09   730.000    40.000 14748.6  0.021 0 3.200e+01 
    60  246.123   67.181  297.34  1200.000    42.000 17898.7  0.006 0 3.200e+01 
    61   99.715  111.526   19.63  1448.000    42.000 14034.9  0.006 0 3.200e+01 
    62  145.910   60.747  350.91  1542.000    40.000 17435.5  0.021 0 3.200e+01 
    63  119.365   66.949  315.08  1688.000    42.000 14544.9  0.015 0 3.200e+01 
    64  262.945   33.082   79.36   610.000    44.000 16766.9  0.027 0 3.200e+01 
    65  101.264  111.595   19.43  1654.000    44.000 11738.1  0.003 0 3.200e+01 
    66  149.545  105.377  266.98  1764.000    46.000 16716.4  0.006 0 3.200e+01 
    67  126.683   68.610   11.08  1916.000    46.000 11449.1  0.000 0 3.200e+01 
    68  173.428  124.276  323.32   664.000    50.000 13657.5  0.012 0 3.200e+01 
    69  126.927   14.197  184.55   678.000    48.000 16594.5  0.000 0 3.200e+01 
    70  286.454  105.474  129.36   710.000    48.000 11051.7  0.021 0 3.200e+01 
    71   31.366   71.107   14.20  1208.000    50.000 15209.0  0.003 0 3.200e+01 
    72  181.348  163.536  182.21  1518.000    48.000 16642.6  0.009 0 3.200e+01 
    73   35.503   66.847  297.00    24.000    54.000 17262.2  0.021 0 3.200e+01 
    74  327.588  131.584   12.52   118.000    52.000 17851.3  0.012 0 3.200e+01 
    75  189.915   97.338  153.90   278.000    52.000 13770.3  0.009 0 3.200e+01 
    76  160.347   33.708  160.01  1072.000    54.000 11184.5  0.018 0 3.200e+01 
    77  267.874  151.899  261.83  1124.000    54.000 13736.9  0.000 0 3.200e+01 
    78   74.940   61.845   36.70  1854.000    52.000 13873.0  0.000 0 3.200e+01 
    79   37.385   76.383  314.14  2122.000    52.000 16207.2  0.021 0 3.200e+01 
    80  297.565  166.627  227.43    74.000    56.000 10719.7  0.006 0 3.200e+01 
    81  216.285   77.045  248.26   680.000    58.000 13903.9  0.006 0 3.200e+01 
    82  357.865   18.851  359.24   816.000    58.000 17969.4  0.003 0 3.200e+01 
    83  219.270   48.477  299.98  1426.000    56.000 10835.4  0.015 0 3.200e+01 
    84  357.165   52.115   34.62  1494.000    56.000 11349.9  0.006 0 3.200e+01 
    85  157.785   79.345   51.55  1836.000    58.000 13893.3  0.009 0 3.200e+01 
    86  126.759   77.298  340.39  1958.000    56.000 11033.2  0.012 0 3.200e+01 
    87  178.126   76.890  323.46  2014.000    56.000 17881.2  0.021 0 3.200e+01 
    88   73.975   64.285  276.52  2060.000    58.000 16610.4  0.015 0 3.200e+01 
    89  270.490   35.141  251.88   126.000    60.000 11395.7  0.009 0 3.200e+01 
    90  356.166   19.877  300.90   578.000    60.000 13657.8  0.009 0 3.200e+01 
    91    6.354   21.315  350.74   628.000    62.000 16992.6  0.000 0 3.200e+01 
    92  252.194  115.997  261.61  1578.000    60.000 16965.4  0.009 0 3.200e+01 
    93  351.975   54.966  349.95  1862.000    60.000 11336.4  0.000 0 3.200e+01 
    94  170.054  123.289  132.79  1192.000    66.000 14575.8  0.003 0 3.200e+01 
    95  265.435   80.202  248.56  1354.000    64.000 14197.9  0.006 0 3.200e+01 
    96  214.147  132.539   85.87    72.000    70.000 13875.2  0.006 0 3.200e+01 
    97   38.633   69.187  352.88   176.000    70.000 11989.1  0.015 0 3.200e+01 
    98  108.478   62.768  259.64   250.000    68.000 11716.9  0.012 0 3.200e+01 
    99  345.779  143.135  322.87   536.000    70.000 10717.4  0.018 0 3.200e+01 
   100  145.774   13.619  137.10  1152.000    70.000 10749.5  0.021 0 3.200e+01 
   101  326.821  166.033  283.49  1338.000    68.000 16903.3  0.009 0 3.200e+01 
   102  122.520   67.010  314.66  1976.000    70.000 13938.9  0.003 0 3.200e+01 
   103  110.371   57.329  258.40  2114.000    68.000 16432.4  0.018 0 3.200e+01 
   104  330.343  129.228  103.79    76.000    74.000 16434.9  0.003 0 3.200e+01 
   105  176.048  165.457  177.47  1420.000    74.000 16705.5  0.012 0 3.200e+01 
   106  281.454   87.878  165.24  1870.000    72.000 16942.1  0.015 0 3.200e+01 
   107  110.638   89.795    4.43   710.000    80.000 11552.5  0.003 0 3.200e+01 
   108   60.631   15.134  310.14   744.000    82.000 13828.9  0.003 0 3.200e+01 
   109  130.704   95.483  322.98   992.000    82.000 10840.9  0.015 0 3.200e+01 
   110   38.068   54.587  325.37  1280.000    82.000 10546.3  0.006 0 3.200e+01 
   111   51.369   79.582    1.56  1704.390   113.020 44045.1  0.396 0 7.216e+03 
   112   60.486  103.976    0.09  1876.039   108.257 38394.7  0.535 0 4.976e+03 
   113  358.081  102.431  336.57  1946.000    80.000 13817.2  0.003 0 3.200e+01 
   114  107.801   90.193    6.27   242.000    84.000 14047.5  0.006 0 3.200e+01 
   115   41.509   70.925  290.57   364.000    88.000 15693.8  0.012 0 4.800e+01 
   116  268.189   33.231   74.33   376.000    86.000 14640.7  0.003 0 3.200e+01 
   117  134.280   12.170  146.67   474.000    84.000 16805.9  0.018 0 3.200e+01 
   118  143.291    8.932  137.47   630.000    84.000 14122.1  0.021 0 3.200e+01 
   119   13.559   82.396   30.36   842.000    84.000 15073.4  0.024 0 3.200e+01 
   120  253.083   48.556  237.76  1156.000    86.000 17862.5  0.003 0 3.200e+01 
   121  308.885   98.534  219.25  1186.000    84.000 11536.6  0.000 0 3.200e+01 
   122  140.586   97.368  293.03    32.609   151.170 41601.3  0.190 1 7.248e+03 
   123  114.054   88.927  277.54    20.000    92.000 19829.6  0.032 0 4.800e+01 
   124  206.798   51.513  326.93    79.046   104.295 27970.9  0.280 0 2.816e+03 
   125  107.656   90.131    6.40   302.000    88.000 17654.8  0.015 0 3.200e+01 
   126  261.805   80.215  245.39   492.000    90.000 14380.5  0.006 0 3.200e+01 
   127   45.771   54.168  241.94   564.000    90.000 16594.8  0.003 0 3.200e+01 
   128  109.964   89.832   64.26   630.667    89.333 13142.7  0.010 0 4.800e+01 
   129  111.520   62.734   17.37  1010.000    88.000 14802.1  0.009 0 3.200e+01 
   130  151.062   53.629  344.75  1290.000    88.000 16557.1  0.003 0 3.200e+01 
   131  340.691  144.238  319.62  1634.000    88.000 15343.7  0.009 0 3.200e+01 
   132   90.916   65.252   28.84  1938.000    88.000 17916.4  0.006 0 3.200e+01 
   133  240.663  159.303  259.22  2030.000    88.000 17041.3  0.003 0 3.200e+01 
   134  244.609   61.259   91.83    14.000    92.000 15751.7  0.054 0 3.200e+01 
   135   78.289  112.364   57.66   199.692   122.308 37332.5  0.473 0 6.240e+03 
   136  115.454   96.932   23.82   502.000    92.000 16406.6  0.000 0 3.200e+01 
   137  104.254   56.742  323.02   874.000    92.000 11491.3  0.000 0 3.200e+01 
   138   36.340  133.379   59.26   970.000    92.000 11458.0  0.006 0 3.200e+01 
   139  159.674   34.514  160.45  1434.000    92.000 13889.7  0.012 0 3.200e+01 
   140  202.195   82.850  330.32  1472.000    94.000 14899.7  0.006 0 3.200e+01 
   141  263.914   98.921  125.93  1771.792   166.039 41178.9  0.562 0 1.629e+04 
   142  125.844  127.338  267.68  1957.973   110.108 40260.2  0.161 0 2.368e+03 
   143  264.752  134.967  297.88  1972.000    92.000 18604.2  0.012 0 4.800e+01 
   144  249.650   79.318  237.31  2060.196   121.770 38875.7  0.570 1 7.920e+03 
   145  115.509  145.591  276.55   255.568   101.405 25543.8  0.265 0 5.920e+02 
   146  339.558   83.581  206.92   242.000    96.000 17888.0  0.030 0 3.200e+01 
   147  324.209  149.524  346.08   334.641   134.389 48859.2  0.599 0 9.696e+03 
   148  176.113  126.464  147.51  1006.000    96.000 14449.4  0.009 0 3.200e+01 
   149  253.826  117.782  350.57  1077.788   100.340 55465.1  0.419 0 7.520e+02 
   150  253.397  117.154  127.65   281.333   101.333 24320.0  0.040 0 4.800e+01 
   151   76.192   74.452  294.29   550.773   140.206 48323.7  0.639 0 1.646e+04 
   152  134.536   11.731   26.16   434.000   100.000 11357.0  0.000 0 3.200e+01 
   153   51.033   57.496  235.74   998.000   100.000 17568.5  0.003 0 3.200e+01 
   154  169.861  162.243  322.91  1027.589   108.647 54687.7  0.607 0 1.088e+03 
   155  287.460  102.116  356.65  1107.112   152.595 49564.8  0.614 0 6.992e+03 
   156   17.574  147.934   32.31  1158.252   119.401 49606.8  0.404 0 2.672e+03 
   157  219.721  116.871  304.48  1406.000   100.000 14148.2  0.012 0 3.200e+01 
   158   75.969   86.437  258.91  1654.000   100.000 15821.2  0.006 0 3.200e+01 
   159  109.609  105.994   68.10  1201.093   150.505 43846.6  0.439 0 5.392e+03 
   160   70.004  119.505  356.90  1328.780   161.265 46063.3  0.265 0 2.414e+04 
   161  120.421   94.157  300.99   731.644   148.220 44506.1  0.463 0 9.888e+03 
   162  125.949   75.261  346.23   738.000   108.000 15171.6  0.012 0 3.200e+01 
   163  125.546   75.597  346.13   758.000   108.000 17268.2  0.106 0 6.400e+01 
   164  125.421   75.516  346.18   780.667   108.667 28714.7  0.233 0 9.600e+01 
   165   91.522  101.684  295.99   832.000   124.373 50615.9  0.525 0 3.264e+03 
   166   86.528   17.792  234.61   920.261   111.044 45135.8  0.506 0 7.360e+02 
   167  234.147   31.705  312.74   960.211   176.158 42490.3  0.460 0 2.675e+04 
   168  295.478   56.638   40.42  1483.523   116.657 42570.7  0.156 0 1.072e+03 
   169   95.910   79.961  282.88  1547.650   111.298 46055.2  0.732 0 9.120e+02 
   170  277.321   45.879   57.63   124.328   132.820 38787.0  0.305 0 1.952e+03 
   171   44.927   63.281   30.55  1571.256   179.447 42948.1  0.417 0 2.197e+04 
   172  166.673  172.957  260.56  2130.642   190.718 43513.7  0.478 1 3.344e+03 
   173  285.703   42.944  230.70   451.977   202.367 33961.6  0.285 0 1.658e+04 
   174  102.184  148.517   58.83  1451.955   208.816 39817.2  0.359 0 8.240e+03 
   175   62.419  101.480  340.18  1957.255   220.237 40212.1  0.560 0 3.136e+04 
   176   84.139   45.160    2.52  1946.000   128.000 32616.3  0.027 0 3.200e+01 
   177   95.966   94.853  300.24  2082.640   201.143 39388.3  0.430 0 7.840e+03 
   178  200.620   30.270  124.54   254.064   200.691 38557.5  0.189 0 7.040e+03 
   179  271.364    6.065  281.97    90.182   236.423 42825.0  0.701 1 2.288e+04 
   180  147.603  163.526  286.92   667.568   172.865 42683.0  0.376 0 1.184e+03 
   181  117.374  137.288  319.65   195.945   161.315 33773.2  0.140 0 1.168e+03 
   182   91.312   50.813  347.53   213.600   152.800 30649.7  0.040 0 8.000e+01 
   183   91.335   50.654  347.53   226.000   156.000 29328.5  0.003 0 3.200e+01 
   184  261.394   96.351  180.69   193.742   197.791 40270.2  0.454 0 2.608e+03 
   185  262.669   26.271  247.02   622.528   210.602 35899.0  0.285 0 6.912e+03 
   186   61.447  106.487  343.77   752.130   226.885 39269.5  0.456 0 1.034e+04 
   187  226.317   53.073  268.75  1160.884   264.778 40170.6  0.245 0 1.795e+04 
   188  244.527   52.615  244.46   364.692   263.507 37108.1  0.282 0 1.648e+04 
   189  252.725  143.632  336.91   352.000   186.000 26376.7  0.030 0 3.200e+01 
   190  265.062   53.494  238.91   860.666   228.260 43522.2  0.117 0 6.640e+03 
   191  112.963   83.537  352.68  1785.242   250.725 36734.3  0.498 0 7.632e+03 
   192  123.311  143.879  253.21  1071.474   246.807 40219.6  0.398 0 5.472e+03 
   193  251.736  143.149  336.34   382.667   209.333 26339.4  0.044 0 4.800e+01 
   194  103.216  116.784  354.70  1615.536   277.298 29891.3  0.204 0 1.376e+04 
   195   76.566   85.223  299.26  1324.915   302.169 44336.8  0.574 0 2.691e+04 
   196   41.608  107.675   32.45   564.251   370.922 40917.9  0.120 0 4.914e+04 
   197  102.850   31.606  182.29   534.000   232.000 32228.9  0.043 0 3.200e+01 
   198   62.397  106.493  338.53  1862.220   318.206 36184.6  0.374 0 1.469e+04 
   199  255.300   74.318  246.24   192.380   408.759 39248.2  0.505 0 7.986e+04 
   200  165.778   75.885  121.52  1668.000   242.000 20879.0  0.021 0 3.200e+01 
   201  238.737   35.003  272.98   975.284   283.977 42634.1  0.364 0 5.456e+03 
   202  221.996   34.830   88.19   716.808   363.835 42447.4  0.241 0 2.317e+04 
   203  166.192   75.348  121.99  1644.667   250.667 20018.3  0.029 0 9.600e+01 
   204  165.597   75.703  121.61  1656.000   250.000 20616.4  0.034 0 3.200e+01 
   205  301.895   73.627  344.53  1016.414   267.724 40227.0  0.399 0 4.640e+02 
   206  287.082   37.541  218.86   855.285   345.979 38322.2  0.361 0 2.752e+04 
   207  101.733  125.624  304.13  1474.085   343.399 37926.0  0.112 0 2.469e+04 
   208  346.499  103.688   58.04  1630.667   262.667 16987.4  0.034 0 4.800e+01 
   209  166.516   75.264  121.63  1676.000   262.000 18824.5  0.155 0 3.200e+01 
   210   52.392  150.658  100.67    15.785   333.615 35498.1  0.293 1 3.568e+03 
   211  313.692  166.644  301.08  1638.667   270.667 17575.0  0.014 0 4.800e+01 
   212  280.578   42.838  228.32  1723.664   355.468 31051.7  0.295 0 1.394e+04 
   213   83.831  102.016  346.53  2123.556   291.422 37307.5  0.248 1 1.440e+03 
   214  117.707  141.340  255.60  1043.495   311.118 36550.6  0.412 0 3.920e+03 
   215  215.494   49.573   90.93  2016.936   415.781 39022.6  0.307 1 4.973e+04 
   216  283.330  148.445  358.38   482.000   276.000 27990.7  0.045 0 3.200e+01 
   217  267.080  131.577  320.67  1707.200   280.000 20242.4  0.031 0 8.000e+01 
   218  283.217  148.464  358.63   474.000   280.000 26551.6  0.064 0 3.200e+01 
   219  166.102   74.578   61.36  1621.143   286.857 15655.9  0.015 0 1.120e+02 
   220  282.674  148.556  358.42   458.000   284.000 22978.4  0.052 0 3.200e+01 
   221  167.052   76.362  121.64  1689.333   286.667 19298.5  0.036 0 4.800e+01 
   222  143.843   62.450  354.58  1666.000   288.000 14520.1  0.006 0 3.200e+01 
   223  245.909   55.398  262.06  1684.000   290.000 16520.1  0.018 0 6.400e+01 
   224  135.306   14.390  177.83  1632.000   294.000 14607.0  0.018 0 3.200e+01 
   225  145.683   61.467  354.74  1636.000   298.000 17370.5  0.003 0 3.200e+01 
   226  166.586   75.714  121.55  1688.000   298.000 14162.8  0.052 0 3.200e+01 
   227  165.804   75.551  121.57  1616.000   304.000 19817.0  0.043 0 8.000e+01 
   228   35.182   90.063   40.40  1702.000   300.000 18389.2  0.027 0 3.200e+01 
   229  236.400   55.587  130.60  1197.811   345.878 39401.2  0.231 0 4.704e+03 
   230  267.421  131.498  141.01  1697.000   308.000 18052.1  0.033 0 6.400e+01 
   231  135.836  130.786  265.73  2133.282   362.938 32138.7  0.210 1 2.048e+03 
   232   66.774  125.024   38.84  1622.000   308.000 19369.6  0.021 0 3.200e+01 
   233  162.877   36.242  339.16  1686.000   312.000 12993.0  0.003 0 3.200e+01 
   234  279.013  169.798    3.28   389.740   481.255 33844.4  0.534 0 3.650e+04 
   235   57.287  130.058   41.29  1111.327   355.044 34845.8  0.247 0 2.944e+03 
   236  149.431   15.285   13.61  1668.000   330.000 14571.4  0.000 0 3.200e+01 
   237  142.933  159.009  243.78   994.030   434.026 46277.9  0.506 0 3.043e+04 
   238  165.822   74.411  121.80  1622.667   338.000 17373.6  0.064 0 9.600e+01 
   239  246.619   56.350  122.82  1237.905   418.249 37865.2  0.181 0 1.221e+04 
   240  166.366   75.655  121.88  1624.000   350.000 20083.9  0.018 0 3.200e+01 
   241  183.492  143.995  332.89  1774.820   501.084 42790.6  0.411 0 5.008e+04 
   242  166.146   74.905  121.45  1633.333   361.333 15856.2  0.010 0 4.800e+01 
   243    9.009   64.623  228.45  1672.000   362.000 14717.4  0.012 0 3.200e+01 
   244  132.709   65.041  333.51  1592.694   427.784 34124.2  0.538 0 1.211e+04 
   245   47.602   97.857   29.00  1582.000   364.000 19137.9  0.015 0 3.200e+01 
   246  267.120  131.679  140.52  1635.200   376.000 16760.0  0.041 0 8.000e+01 
   247   38.788   29.867  289.48  1646.667   373.333 14642.0  0.010 0 4.800e+01 
   248   58.894   72.210    9.95  1120.671   490.008 42468.4  0.761 0 2.499e+04 
   249   86.828   48.223  339.60  1656.000   380.000 17240.0  0.012 0 4.800e+01 
   250  281.022   42.381   49.59  1636.000   386.000 17051.9  0.024 0 3.200e+01 
   251  267.157  131.746  140.78  1643.200   386.400 19155.1  0.022 0 8.000e+01 
   252  266.014   91.751  115.44    33.367   515.415 38813.3  0.538 1 1.410e+04 
   253  280.119   42.373  230.07  1646.000   392.000 19630.4  0.042 0 3.200e+01 
   254   87.231   48.388  339.21  1649.000   395.000 20912.8  0.026 0 6.400e+01 
   255   71.064   85.037    3.67  1341.975   435.371 43763.2  0.671 0 6.000e+03 
   256  267.508   30.873   14.47   418.000   404.000 13730.5  0.015 0 3.200e+01 
   257  216.084  101.565  248.22   440.000   406.000 16440.5  0.003 0 3.200e+01 
   258  245.659   80.857   64.63   394.000   408.000 14194.8  0.009 0 3.200e+01 
   259  134.769   59.621  342.97   404.000   414.000 11129.6  0.012 0 3.200e+01 
   260  272.635  170.452  237.67   438.000   412.000 12916.4  0.043 0 3.200e+01 
   261   65.687   98.375   54.65   440.000   420.000 16876.0  0.030 0 4.800e+01 
   262  318.546  149.121   33.87  1448.161   494.337 44307.8  0.359 0 2.355e+04 
   263  137.264   60.470   39.38   434.000   420.000 17343.9  0.009 0 3.200e+01 
   264   60.835   37.351  240.73   416.000   430.000 9774.5  0.003 0 3.200e+01 
   265  320.200  137.644  109.17   426.000   432.000 11046.0  0.018 0 3.200e+01 
   266  215.660   51.118   99.42   831.655   564.096 34592.4  0.221 0 4.558e+04 
   267  338.093  148.630   19.21   428.000   436.000 10870.0  0.008 0 4.800e+01 
   268   98.670    9.482  175.65   438.000   440.000 18275.5  0.012 0 3.200e+01 
   269  216.322  101.774  248.39   442.000   444.000 16759.5  0.003 0 3.200e+01 
   270   93.965    9.324  180.70   388.000   450.000 12897.8  0.034 0 3.200e+01 
   271  248.860   35.719   67.89   667.199   535.090 33736.7  0.357 0 1.906e+04 
   272   91.962  124.464   61.51  1276.950   572.372 33167.7  0.113 0 3.520e+04 
   273  232.904  148.701  323.08  2100.967   574.876 33791.2  0.411 1 1.122e+04 
   274   76.775   83.712  317.09  1054.000   464.000 22073.0  0.027 0 3.200e+01 
   275  216.650  101.381  248.23   389.333   482.667 19519.4  0.036 0 4.800e+01 
   276  104.963  116.131  356.91  1546.508   502.985 38931.4  0.340 0 1.072e+03 
   277   55.003   96.795  342.81  1590.548   585.478 35305.1  0.439 0 2.768e+04 
   278   95.860    9.636  179.63   404.000   494.000 16515.5  0.015 0 3.200e+01 
   279   87.386   53.219  291.98   744.000   510.000 31081.5  0.030 0 3.200e+01 
   280   73.512  103.792  265.36  2090.000   508.000 26559.4  0.024 0 3.200e+01 
   281   64.597   96.450  358.99   480.627   560.142 34828.7  0.470 0 5.408e+03 
   282   49.734   67.548   23.83  1922.774   597.594 38023.7  0.367 0 2.650e+04 
   283   51.780  111.231  351.55   570.224   571.776 36263.5  0.348 0 4.576e+03 
   284   98.323  108.590  355.51   223.052   620.869 32060.4  0.331 0 1.741e+04 
   285   95.734  128.218   63.31  1000.880   616.580 27636.4  0.171 0 1.691e+04 
   286   46.601   97.103   45.06  1185.714   551.429 39139.9  0.515 0 1.120e+02 
   287  119.509   97.729  292.77  1134.056   608.641 28655.4  0.371 0 6.288e+03 
   288    6.267   42.872  291.84   898.000   560.000 36580.6  0.024 0 3.200e+01 
   289  246.178  139.889  355.46  1440.437   606.140 35423.0  0.623 0 7.776e+03 
   290  153.058  145.057  302.07   496.695   635.467 31503.0  0.102 0 1.605e+04 
   291  212.554  101.162  132.80  1314.667   577.333 29321.9  0.014 0 4.800e+01 
   292   69.929   76.994  352.78    80.160   656.467 32230.6  0.470 1 1.522e+04 
   293   87.409   52.975  291.77   789.333   602.667 34494.0  0.042 0 4.800e+01 
   294  265.761   91.858  174.57    48.000   606.000 17055.4  0.018 0 3.200e+01 
   295  238.131   88.485  114.03   360.000   606.000 15544.7  0.043 0 3.200e+01 
   296  237.713   88.533  113.48   342.431   650.647 23359.3  0.141 0 7.424e+03 
   297  260.064   87.778  134.40   661.806   663.088 27213.2  0.328 0 1.234e+04 
   298   80.778  139.806   54.79  2045.875   630.750 24793.6  0.091 0 1.024e+03 
   299  227.828   18.133   23.52    58.000   620.000 15562.0  0.021 0 3.200e+01 
   300   32.495   78.327   47.91  1212.000   622.000 28891.5  0.012 0 3.200e+01 
   301   59.248   65.366    1.66  1412.216   652.671 24917.3  0.209 0 2.960e+03 
   302   65.969   14.584  180.06   358.000   632.000 15683.3  0.018 0 3.200e+01 
   303  271.522  141.561  326.35  1040.000   634.000 19098.4  0.006 0 3.200e+01 
   304    4.207   29.471  209.67  1713.729   658.610 21622.7  0.291 0 1.888e+03 
   305  150.729   75.203  316.63  1062.000   648.000 14140.9  0.027 0 3.200e+01 
   306   94.945   74.852  302.31  1126.797   660.425 21598.7  0.241 0 1.808e+03 
   307   32.491   77.832   48.48  1262.000   648.000 26978.6  0.003 0 3.200e+01 
   308   45.111  128.334   38.77  1580.000   650.000 26940.1  0.015 0 3.200e+01 
   309  339.383   25.275  313.82  2064.000   650.000 13027.4  0.003 0 3.200e+01 
   310  217.367  105.387  286.31  1824.000   654.000 14266.3  0.003 0 3.200e+01 
   311  242.436   91.808  115.33   298.000   656.000 25103.9  0.200 0 3.200e+01 
   312  137.421  110.079  314.85  1572.000   658.000 57768.2  0.006 0 3.200e+01 
   313   51.639   30.240  218.01  2124.890   660.222 17078.1  0.113 1 2.880e+02 
   314   31.141   80.084   46.97  1232.000   662.000 24768.0  0.009 0 3.200e+01 
   315   31.652   79.721   47.08  1269.333   661.333 23810.2  0.014 0 4.800e+01 
   316  210.908   99.171  133.49  1300.000   662.000 23462.3  0.024 0 3.200e+01 
   317  228.860  112.740  275.53  1831.040   664.480 19843.2  0.072 0 4.000e+02 
   318   49.096   67.295  264.32  1940.000   664.000 17294.5  0.030 0 8.000e+01 
   319   49.003   67.359   24.32  1958.667   662.667 19113.0  0.085 0 1.920e+02 
   320  229.142  113.147  275.63  1994.333   662.667 16858.6  0.044 0 1.920e+02 
   321   49.283   67.189  324.20  2020.000   661.500 22004.9  0.064 0 1.280e+02 
   322  231.266  149.728  321.60  2098.400   660.800 16094.0  0.166 0 8.000e+01 
   323   54.758   46.968  335.90  2128.000   662.000 18866.9  0.021 0 3.200e+01 
   324  270.644  127.841  359.06  1338.000   664.000 18235.1  0.003 0 3.200e+01 
   325   54.623   96.333  343.23  1598.000   664.000 18178.0  0.081 0 3.200e+01 
   326  353.826   48.010    7.24  1604.000   666.000 19690.3  0.018 0 3.200e+01 
   327  173.840  132.859  292.98  1614.000   664.000 13455.6  0.009 0 3.200e+01 
   328  181.828  144.277  270.35  1753.000   667.000 14750.8  0.023 0 6.400e+01 
   329   49.386   67.230  324.63  1972.000   666.000 19290.8  0.167 0 3.200e+01 
   330  262.016   32.602   86.03  2062.000   664.000 14744.7  0.009 0 3.200e+01 
   331  257.559  121.514  325.84   576.000   670.000 25628.5  0.009 0 3.200e+01 
   332   31.656   79.517   47.35  1196.000   668.000 21597.2  0.014 0 4.800e+01 
   333  272.345   56.758   57.93  1246.462   675.077 19466.2  0.024 0 2.080e+02 
   334   31.497   79.865   47.29  1280.000   670.000 19348.1  0.012 0 3.200e+01 
   335  272.859   57.149  118.41  1299.333   676.000 17329.7  0.009 0 9.600e+01 
   336  354.547   47.723    7.09  1678.667   670.667 19203.7  0.016 0 4.800e+01 
   337   48.925   66.760   24.51  1792.800   670.800 17999.3  0.053 0 1.600e+02 
   338  281.240  114.086   10.01   274.083   685.084 22029.8  0.334 0 7.680e+02 
   339  266.004  102.756  208.85   448.000   674.000 21600.9  0.040 0 3.200e+01 
   340   86.549   77.437  270.30   586.000   672.000 20745.9  0.015 0 3.200e+01 
   341  150.116   75.478  256.52   946.000   672.000 15019.6  0.018 0 3.200e+01 
   342  333.218   44.916  258.39  1042.000   672.000 13111.4  0.006 0 3.200e+01 
   343  202.363   79.249  270.00  1058.000   672.000 12499.8  0.012 0 3.200e+01 
   344   92.276  123.651   62.10  1224.800   676.800 19924.8  0.036 0 8.000e+01 
   345   92.305  123.113   61.25  1288.000   674.000 17911.1  0.031 0 3.200e+01 
   346   59.184   65.079  241.70  1391.200   679.200 17769.8  0.040 0 8.000e+01 
   347   59.306   65.009  241.71  1400.000   674.000 20605.3  0.009 0 3.200e+01 
   348   54.768   96.740  343.56  1497.333   673.333 15947.8  0.012 0 4.800e+01 
   349   55.037   96.294  343.33  1524.870   675.478 18179.0  0.060 0 3.680e+02 
   350  234.936   83.803  316.58  1554.000   674.000 15732.7  0.040 0 9.600e+01 
   351  353.911   47.426  187.75  1572.000   674.000 15800.1  0.009 0 3.200e+01 
   352  174.945  133.081   53.20  1594.000   672.000 13349.3  0.024 0 3.200e+01 
   353   48.455   67.588  265.10  1766.667   674.667 17801.1  0.008 0 4.800e+01 
   354  332.339   36.079  238.43   390.000   676.000 21942.1  0.124 0 3.200e+01 
   355  248.840  109.996  259.37   984.000   678.000 11092.6  0.006 0 3.200e+01 
   356   98.743   73.881   59.15   990.000   676.000 12702.2  0.027 0 3.200e+01 
   357  272.056   57.079   59.69  1349.333   678.667 17627.4  0.026 0 4.800e+01 
   358   58.544   64.991    2.45  1491.200   678.400 16653.9  0.053 0 8.000e+01 
   359   54.952   96.157   43.48  1563.429   681.714 14650.4  0.055 0 1.120e+02 
   360  234.948   83.559  316.21  1578.000   676.000 17552.1  0.021 0 3.200e+01 
   361  354.630   47.578  246.98  1610.000   676.000 14307.0  0.009 0 3.200e+01 
   362   55.435   95.678   42.94  1632.000   678.000 18670.4  0.040 0 3.200e+01 
   363  292.510  126.646  226.41  1758.000   676.000 19399.4  0.018 0 3.200e+01 
   364   95.858  160.992  327.35  1772.000   678.000 12045.1  0.012 0 3.200e+01 
   365  338.612   36.969   22.55   446.000   680.000 23280.5  0.012 0 3.200e+01 
   366  257.434  121.707  325.42   468.000   682.000 20858.2  0.006 0 3.200e+01 
   367   71.378   58.675  340.16   506.667   681.333 12459.8  0.006 0 4.800e+01 
   368  331.812   36.348  239.70   592.000   684.000 24421.7  0.041 0 4.800e+01 
   369  276.142   52.984  296.08  1038.667   682.667 17035.6  0.016 0 4.800e+01 
   370   95.996  127.225  243.48  1056.000   682.000 13672.0  0.015 0 3.200e+01 
   371  275.257  105.559  358.08  1154.000   680.000 19060.6  0.018 0 3.200e+01 
   372  151.306   77.241  315.17  1210.000   680.000 13400.6  0.030 0 3.200e+01 
   373   31.801   79.196   47.41  1229.333   681.333 17833.6  0.002 0 4.800e+01 
   374  209.769   97.753  133.24  1256.000   682.000 17310.6  0.003 0 3.200e+01 
   375  180.897   54.403  296.79  1260.000   682.000 15834.5  0.006 0 3.200e+01 
   376   31.795   80.520   46.66  1264.000   682.000 16985.4  0.015 0 3.200e+01 
   377   91.985  123.119   61.19  1273.000   683.000 16180.4  0.012 0 6.400e+01 
   378  150.593   77.738  314.97  1292.000   680.000 15528.2  0.006 0 4.800e+01 
   379  273.204   57.105   57.94  1318.000   680.000 17538.8  0.027 0 3.200e+01 
   380   55.871   27.161  208.85  1330.000   680.000 14870.6  0.000 0 3.200e+01 
   381  353.927   47.976  246.93  1538.000   680.000 18038.0  0.018 0 3.200e+01 
   382  150.000   54.274  272.85   400.000   686.000 23114.6  0.027 0 3.200e+01 
   383  337.828   37.439   22.78   412.000   685.000 25519.5  0.018 0 6.400e+01 
   384   43.036  113.450   29.60   766.000   684.000 12531.4  0.006 0 3.200e+01 
   385  275.611   52.784   55.82   922.000   684.000 13882.1  0.015 0 3.200e+01 
   386   96.339  127.180  243.94   934.000   684.000 14480.7  0.073 0 3.200e+01 
   387  149.758   75.371   16.44   961.333   686.667 15406.2  0.002 0 4.800e+01 
   388   96.105  127.345  243.96   966.000   684.000 14789.7  0.027 0 3.200e+01 
   389   95.956  127.205  243.86   993.474   688.000 15878.1  0.028 0 3.040e+02 
   390   95.422  127.279  243.46  1016.000   686.000 14913.2  0.030 0 3.200e+01 
   391  337.925  101.841   10.33  1080.000   686.000 11714.2  0.000 0 3.200e+01 
   392  274.448  105.242  357.66  1110.000   688.000 15866.8  0.041 0 6.400e+01 
   393  347.483   21.066  246.12  1148.000   686.000 13563.3  0.030 0 3.200e+01 
   394  275.590  105.437  358.53  1168.000   686.000 16348.1  0.009 0 3.200e+01 
   395  278.998  101.088  233.66  1250.000   684.000 16545.6  0.006 0 3.200e+01 
   396  181.840   55.667  296.33  1306.000   684.000 13832.6  0.003 0 3.200e+01 
   397  213.017  105.114  132.02  1360.000   686.000 14335.1  0.027 0 3.200e+01 
   398   58.617   65.118  242.27  1377.333   685.333 16318.8  0.026 0 4.800e+01 
   399   55.411   96.083  343.46  1510.000   684.000 17768.1  0.103 0 3.200e+01 
   400   55.014   96.399  343.71  1538.000   684.000 17985.0  0.027 0 3.200e+01 
   401   22.158   55.436  219.56   176.000   690.000 21034.5  0.003 0 3.200e+01 
   402  354.643   27.974  350.12   342.000   688.000 15477.0  0.003 0 3.200e+01 
   403   36.366  128.053   81.40   747.333   690.667 16637.7  0.078 0 9.600e+01 
   404   36.886  127.865   21.57   762.000   688.000 14068.0  0.003 0 3.200e+01 
   405  216.255   51.966   98.81   903.530   691.529 16696.2  0.025 0 2.720e+02 
   406  272.680   57.201   58.53  1281.333   689.333 14038.9  0.024 0 4.800e+01 
   407   31.935   80.145   46.84  1336.000   690.000 15649.3  0.006 0 3.200e+01 
   408  271.205   51.094  236.61  1342.000   688.000 15833.6  0.003 0 3.200e+01 
   409   58.886   91.193    7.79   340.000   694.000 13368.0  0.043 0 3.200e+01 
   410   65.912   77.827   71.68   462.000   692.000 11261.4  0.009 0 3.200e+01 
   411   37.023  127.537   81.08   806.000   692.000 11976.6  0.012 0 3.200e+01 
   412  116.991   83.336   29.67   814.000   692.000 9493.2  0.000 0 3.200e+01 
   413   62.449   36.787  299.71   834.000   692.000 9929.7  0.000 0 3.200e+01 
   414   36.676  128.063   81.47   854.000   694.000 17142.2  0.019 0 6.400e+01 
   415  217.338   52.408   98.54   864.000   694.000 20646.4  0.034 0 3.200e+01 
   416  216.783   52.298   98.88   873.333   693.333 14352.8  0.038 0 4.800e+01 
   417   89.348   52.648  301.34  1270.000   692.000 14939.3  0.003 0 3.200e+01 
   418   25.896  136.458   64.11  2014.000   692.000 14845.3  0.003 0 3.200e+01 
   419  216.722   51.751   98.33   824.000   698.000 12928.4  0.006 0 3.200e+01 
   420  165.752   32.362  333.37  1034.000   696.000 12715.8  0.021 0 3.200e+01 
   421  100.993   78.970   32.68   340.000   702.000 13612.4  0.021 0 3.200e+01 
   422  332.020   36.714  239.38   434.000   704.000 17492.4  0.000 0 3.200e+01 
   423   34.020   74.854  257.22   580.000   710.000 11525.1  0.000 0 3.200e+01 
   424   36.678  166.834   29.00    14.000   712.000 14682.9  0.018 0 3.200e+01 
   425  231.547  142.825  139.99    20.000   714.000 13440.7  0.000 0 3.200e+01 
   426  250.926  104.323  126.92   170.667   714.667 17557.5  0.018 0 4.800e+01 
   427  279.110   72.182  244.87   187.333   715.333 15593.2  0.037 0 9.600e+01 
   428   98.372  107.809  355.40   202.000   712.000 17390.6  0.018 0 3.200e+01 
   429  281.190  114.315  130.21   284.667   714.333 16192.4  0.103 0 1.920e+02 
   430   69.993   76.312  292.96   105.600   718.000 17089.5  0.099 0 1.600e+02 
   431   70.460   76.355  353.22   128.800   717.600 16532.4  0.126 0 8.000e+01 
   432   70.271   76.203  352.60   145.333   718.000 16664.8  0.040 0 9.600e+01 
   433   69.983   76.395  353.11   160.000   718.000 17087.6  0.031 0 3.200e+01 
   434  107.931  167.503  291.45   684.000   718.000 14169.0  0.006 0 3.200e+01 
   435   70.195   76.092  352.98    36.000   720.889 18751.8  0.108 0 1.440e+02 
   436   69.696   76.318  293.19    90.000   720.000 17885.9  0.137 0 3.200e+01 
   437   34.528   79.489   50.94   200.000   726.000 10573.6  0.006 0 3.200e+01 
   438   60.902   65.290   16.50  1460.000   730.000 16882.1  0.009 0 3.200e+01 
   439  267.562   82.324  261.91    28.000   742.000 12554.9  0.003 0 3.200e+01 
   440  137.410  103.072  234.74    48.000   742.000 14586.8  0.018 0 3.200e+01 
   441  353.184  125.356  353.19   468.000   746.000 12115.4  0.021 0 3.200e+01 
   442   67.991  140.409   53.11    66.000   748.000 10988.6  0.000 0 3.200e+01 
   443  314.546  147.972  130.17   194.000   748.000 14665.6  0.003 0 3.200e+01 
   444  244.466  126.297  262.66  1478.000   748.000 14600.3  0.018 0 3.200e+01 
   445   51.121   35.011  292.32  2040.000   754.000 13020.8  0.006 0 3.200e+01 
   446  275.301  124.299  248.36   662.000   760.000 14834.9  0.006 0 3.200e+01 
