# Header: Project1::EBSD_beforeDef::All data::Grain Size   3/29/2018
# 
# Partition Formula: 
# Grain Tolerance Angle: 5.00
# Minimum Grain Size: 2
# Minimum Anti-Grain Size: 2
# Minimum Confidence Index: 0.00
# Multiple Rows Requirement: Off
# Anti-Grain Multiple Rows Requirement: Off
# Column 1: Integer identifying grain
# Column 2-4: Average orientation (phi1, PHI, phi2) in degrees
# Column 5-6: Average Position (x, y) in microns
     1  140.568   97.384  353.04    30.807    66.005 
     2  206.744   51.465   26.95    74.621    18.175 
     3  107.801   90.193   66.27   238.000     0.000 
     4   41.509   70.925  350.57   360.000     4.000 
     5  268.189   33.231  134.33   372.000     2.000 
     6  134.280   12.170  206.67   470.000     0.000 
     7  139.587   10.097  201.30   624.000     0.000 
     8   13.559   82.396   90.36   838.000     0.000 
     9  253.083   48.556  297.76  1152.000     2.000 
    10  308.885   98.534  279.25  1182.000     0.000 
    11   51.368   79.617   61.55  1695.893    28.425 
    12   60.482  104.032   60.07  1873.474    24.025 
    13  113.955   88.649  337.30    16.000     6.000 
    14   78.299  112.402  297.67   194.632    36.919 
    15  107.656   90.131   66.40   298.000     4.000 
    16  261.805   80.215  305.39   488.000     6.000 
    17   45.771   54.168  301.94   560.000     6.000 
    18  109.964   89.832  304.26   626.667     5.333 
    19  111.520   62.734  257.37  1006.000     4.000 
    20  151.062   53.629   44.75  1286.000     4.000 
    21  340.691  144.238   19.62  1630.000     4.000 
    22  125.831  127.356  327.68  1954.083    24.379 
    23  249.622   79.278  297.31  2055.904    36.000 
    24  240.663  159.303  319.22  2026.000     4.000 
    25  115.603  145.681  336.59   251.019    15.170 
    26  324.137  149.520   46.00   331.124    48.426 
    27  115.454   96.932  263.82   498.000     8.000 
    28  104.254   56.742   23.02   870.000     8.000 
    29   36.340  133.379  119.26   966.000     8.000 
    30   73.802   62.235  309.43  1073.847    14.215 
    31  159.674   34.514  220.45  1430.000     8.000 
    32  202.195   82.850   30.32  1468.000    10.000 
    33  263.915   98.922  185.93  1767.722    82.085 
    34   76.190   74.491  354.28   546.229    53.838 
    35  176.113  126.464  207.51  1002.000    12.000 
    36  169.910  162.223   22.96  1020.771    22.988 
    37  287.461  102.113   56.65  1103.073    68.365 
    38   17.473  147.958   92.19  1154.448    32.851 
    39  109.614  106.016  308.10  1197.522    65.130 
    40   70.004  119.525   56.88  1325.395    75.228 
    41   39.721   63.129  355.52  1402.000    16.000 
    42   75.969   86.437  318.91  1650.000    16.000 
    43  120.416   94.175    1.00   727.685    62.557 
    44   91.518  101.725  355.98   828.437    38.166 
    45   86.534   17.797  294.60   918.000    24.909 
    46  234.148   31.702   12.74   956.279    92.059 
    47  295.512   56.620  100.36  1478.351    30.700 
    48   95.923   79.959  342.86  1543.750    25.200 
    49  277.322   45.877  117.63   120.576    49.024 
    50   44.927   63.282   90.55  1567.200    95.409 
    51  166.673  172.957  320.56  2124.427   105.941 
    52  285.701   42.949  290.70   447.557   119.046 
    53  102.185  148.516  298.83  1447.947   124.915 
    54   62.420  101.481   40.18  1953.242   136.188 
    55   95.966   94.854    0.25  2078.498   117.155 
    56  200.623   30.271  184.54   249.865   116.748 
    57  271.360    6.065  341.97    86.841   152.369 
    58  147.602  163.522  346.92   663.627    89.120 
    59  117.371  137.293   19.66   192.494    77.136 
    60   81.394   83.649  299.31   189.742   113.791 
    61  262.670   26.270  307.02   618.421   126.651 
    62   61.447  106.489   43.77   748.355   142.620 
    63  226.317   53.074  328.75  1156.872   180.668 
    64  244.526   52.614  304.46   360.783   179.117 
    65  265.063   53.496  298.91   856.632   144.345 
    66  112.962   83.534   52.67  1780.810   167.232 
    67  123.311  143.879  313.21  1067.581   162.764 
    68  103.197  116.780   54.64  1613.950   194.582 
    69   76.565   85.224  359.26  1320.915   218.169 
    70   41.608  107.680   92.45   560.047   286.636 
    71   62.396  106.494   38.53  1858.220   234.205 
    72  255.299   74.318  306.24   188.357   324.743 
    73  238.737   35.007  332.97   971.369   200.023 
    74  221.997   34.830  148.19   712.750   280.017 
    75  301.895   73.627   44.53  1012.414   183.724 
    76  166.169   75.221  182.28  1641.333   169.333 
    77  287.080   37.543  278.86   851.358   261.988 
    78  101.735  125.618    4.13  1470.202   259.712 
    79  313.691  166.644    1.08  1634.667   186.667 
    80  280.563   42.827  288.40  1716.974   270.768 
    81   83.834  102.015   46.52  2117.861   207.721 
    82   52.388  150.657  160.67    14.051   250.995 
    83  117.701  141.338  315.60  1039.517   226.871 
    84  215.493   49.572  150.93  2013.049   331.941 
    85  346.034  106.372   58.63  1620.000   202.000 
    86  143.843   62.450  234.58  1662.000   204.000 
    87  245.909   55.398  322.06  1680.000   206.000 
    88  135.306   14.390  237.83  1628.000   210.000 
    89  145.683   61.467   54.74  1632.000   214.000 
    90  166.586   75.714  181.55  1684.000   214.000 
    91  236.415   55.607  190.56  1194.013   262.066 
    92  135.832  130.787  325.72  2126.959   277.792 
    93  162.877   36.242   39.16  1682.000   228.000 
    94  278.922  169.807   63.21   386.392   396.762 
    95   57.287  130.058  101.29  1107.327   271.044 
    96  149.431   15.285  253.61  1664.000   246.000 
    97  142.925  159.007  303.78   990.200   350.043 
    98  165.943   73.931  181.98  1622.667   253.333 
    99  246.622   56.363  182.81  1233.442   334.054 
   100  183.490  143.994   32.88  1770.809   417.060 
   101  132.711   65.039   33.52  1589.085   343.199 
   102   38.788   29.867  349.48  1642.667   289.333 
   103   58.895   72.210   69.95  1116.830   406.074 
   104  267.095  131.550   20.59  1633.333   293.333 
   105  267.157  131.746  200.78  1639.200   302.400 
   106  266.015   91.745  175.41    31.721   434.461 
   107   71.064   85.037   63.67  1337.975   351.371 
   108  267.508   30.873   74.47   414.000   320.000 
   109  134.769   59.621   42.97   400.000   330.000 
   110  318.546  149.121   93.87  1444.161   410.337 
   111  137.264   60.470  279.38   430.000   336.000 
   112   60.835   37.351  300.73   412.000   346.000 
   113  320.200  137.644  349.17   422.000   348.000 
   114  215.690   51.155  159.39   827.342   485.136 
   115  338.093  148.630   79.21   424.000   352.000 
   116  248.861   35.722  127.89   663.396   450.866 
   117   91.990  124.386  301.52  1271.657   493.874 
   118  232.837  148.775   23.02  2095.847   496.542 
   119  104.963  116.131   56.91  1542.508   418.985 
   120   55.001   96.750   42.86  1585.481   508.541 
   121   64.606   96.432   58.98   475.634   476.960 
   122   49.654   67.491   83.90  1913.105   520.836 
   123   51.780  111.230   51.55   566.575   488.208 
   124   98.336  108.569   55.50   218.810   538.593 
   125   95.743  128.135  303.34   997.348   537.915 
   126  119.508   97.723  352.77  1129.830   524.915 
   127   66.178   40.111  304.54  1436.437   522.140 
   128  152.995  144.995    2.00   491.524   554.373 
   129   69.954   76.934   52.82    79.340   567.601 
   130   57.726   91.450    6.55   339.189   567.891 
   131   80.054   92.174  345.64   655.847   573.961 
   132   80.836  139.752  294.86  2042.127   549.317 
   133   59.188   65.285   61.69  1411.016   572.462 
   134    4.068   29.445  269.79  1712.025   578.325 
   135   94.928   74.775    2.30  1120.986   578.384 
   136   45.111  128.334   98.77  1576.000   566.000 
   137  339.383   25.275   13.82  2060.000   566.000 
   138   49.196   66.995   24.36  1996.000   578.270 
   139  181.988  144.016  330.42  1749.333   581.333 
   140  262.016   32.602  146.03  2058.000   580.000 
   141  281.296  114.126   70.08   270.170   602.576 
   142  353.911   47.426  247.75  1568.000   590.000 
   143  174.945  133.081  113.20  1590.000   588.000 
   144   48.455   67.588  325.10  1762.667   590.667 
   145  272.056   57.079  119.69  1345.333   594.667 
   146   58.544   64.991   62.45  1487.200   594.400 
   147   54.952   96.157  103.48  1559.429   597.714 
   148   54.948   96.441  343.79  1574.000   592.000 
   149   95.858  160.992   27.35  1768.000   594.000 
   150   71.378   58.675   40.16   502.667   597.333 
   151  276.142   52.984  356.08  1034.667   598.667 
   152   95.996  127.225  303.48  1052.000   598.000 
   153  275.257  105.559   58.08  1150.000   596.000 
   154  151.306   77.241   15.17  1206.000   596.000 
   155   31.728   79.769  106.80  1224.000   598.000 
   156  180.897   54.403  356.79  1256.000   598.000 
   157  150.593   77.738   14.97  1288.000   596.000 
   158  273.204   57.105  117.94  1314.000   596.000 
   159   55.871   27.161  268.85  1326.000   596.000 
   160   96.339  127.180  303.94   930.000   600.000 
   161  149.758   75.371  256.44   957.333   602.667 
   162   96.105  127.345  303.96   962.000   600.000 
   163  337.925  101.841   70.33  1076.000   602.000 
   164  274.448  105.242   57.66  1106.000   604.000 
   165  347.483   21.066  306.12  1144.000   602.000 
   166  275.590  105.437   58.53  1164.000   602.000 
   167  181.840   55.667  356.33  1302.000   600.000 
   168  213.017  105.114  192.02  1356.000   602.000 
   169   58.617   65.118  302.27  1373.333   601.333 
   170  272.680   57.201  118.53  1277.333   605.333 
   171   31.935   80.145  106.84  1332.000   606.000 
   172  271.205   51.094  296.61  1338.000   604.000 
   173   65.912   77.827  311.68   458.000   608.000 
   174  116.991   83.336  269.67   810.000   608.000 
   175   62.449   36.787  359.71   830.000   608.000 
   176   36.676  128.063  321.47   850.000   610.000 
   177  217.338   52.408  158.54   860.000   610.000 
   178  216.783   52.298  158.88   869.333   609.333 
   179   89.348   52.648    1.34  1266.000   608.000 
   180   25.896  136.458  304.11  2010.000   608.000 
   181  165.752   32.362   33.37  1030.000   612.000 
