# Header: Project1::EBSD_beforeDef::All data::Grain Size   3/29/2018
# 
# Partition Formula: 
# Grain Tolerance Angle: 5.00
# Minimum Grain Size: 2
# Minimum Anti-Grain Size: 2
# Minimum Confidence Index: 0.00
# Multiple Rows Requirement: Off
# Anti-Grain Multiple Rows Requirement: Off
# Column 1: Integer identifying grain
# Column 2-4: Average orientation (phi1, PHI, phi2) in degrees
# Column 5-6: Average Position (x, y) in microns
     1  114.662   20.766  231.34    88.000     2.000 
     2  108.456  124.866  347.71    96.000     2.000 
     3  108.671   35.809  313.52   706.000     0.000 
     4   54.034   59.467  109.21  1142.000     0.000 
     5   80.565  139.770  293.04  1623.036   107.385 
     6  275.886   19.837  319.97   574.000     4.000 
     7  143.731   76.384  346.48   602.000     4.000 
     8   90.981  135.409  303.54  1126.000     4.000 
     9   27.553   85.770  335.10  1158.000     4.000 
    10  137.759   19.021  282.76  1266.000     4.000 
    11   45.802  158.061  119.54   286.000     8.000 
    12  254.405   19.433  344.79   456.571    16.571 
    13    7.577  112.164   79.67   466.000     8.000 
    14  183.859   81.998   40.74   880.000    10.000 
    15   52.288   36.964  338.89   250.000    16.000 
    16  103.478  158.673  347.17   426.000    16.000 
    17  254.167   19.945  345.14   609.333    18.667 
    18  128.296   95.070  296.37  1064.000    18.000 
    19  269.674   64.911  248.54  1328.000    20.000 
    20  137.579   44.598  252.75   160.000    22.000 
    21  167.862  106.983   39.96   308.000    22.000 
    22  204.573   40.104   28.85   350.000    20.000 
    23   78.167   34.461  353.03   969.231    38.865 
    24  269.359   65.149  128.35  1270.400    22.400 
    25  269.416   64.980  128.37  1282.286    26.857 
    26  219.134   84.795  334.29  1338.667    21.333 
    27  185.593   80.457   27.30  1415.200    23.200 
    28  199.956   71.730  173.55  1431.834    34.417 
    29  327.145  162.357  103.83  1434.000    20.000 
    30  135.674  138.333    7.39  1476.000    22.000 
    31   83.950  140.750  302.98     2.000    24.000 
    32  294.555  159.401  323.93    46.000    24.000 
    33  106.838  131.654  313.65    58.000    24.000 
    34   78.114  101.853  295.00   133.965    65.724 
    35   89.093  113.108  350.89   741.097    37.129 
    36  146.846   86.164  329.90   898.000    24.000 
    37  305.827   87.120   88.33   968.000    24.000 
    38  306.103   87.201   89.49   982.000    24.000 
    39  126.519   93.115   31.43   996.000    24.000 
    40  166.885  144.442  354.39  1155.878   141.312 
    41  117.689   87.212  330.63  1140.800    25.600 
    42  269.006   65.187  248.79  1254.667    25.333 
    43  269.517   64.990  248.58  1296.000    27.333 
    44  269.367   65.085  128.57  1310.667    26.667 
    45    9.921   61.406   39.34  1322.000    24.000 
    46  187.221   11.167   30.71  1334.000    24.000 
    47  269.483   64.721  248.55  1346.000    24.000 
    48  199.643   71.505  353.53  1383.855    42.764 
    49  115.235   99.876  306.69   899.245   102.675 
    50   75.856   45.112  294.82   990.000    28.000 
    51  117.532   87.065  330.90  1078.000    28.000 
    52  117.442   87.112  330.69  1102.000    28.000 
    53   64.020   52.556   28.64  1121.333    30.667 
    54   19.830  108.272  306.68  1327.033    43.824 
    55  199.936   71.717  353.87  1350.000    28.000 
    56  199.848   71.580  353.91  1364.000    30.000 
    57  133.584  108.031  355.44  1409.333    29.333 
    58  133.286  107.405  355.10  1478.667    29.333 
    59   83.395  140.163  302.31     4.000    38.667 
    60   24.742   61.981   47.98    28.000    34.000 
    61  124.928  102.890  305.96   445.313    47.854 
    62  128.159  143.486    6.38   600.000    34.000 
    63  105.068   64.493   46.80   610.000    32.000 
    64  345.344  165.030  306.44   628.000    34.000 
    65  269.428   57.714  136.60   638.000    32.000 
    66  344.304  165.496   65.46   650.000    32.000 
    67  200.022   71.721  353.65  1357.333    34.667 
    68  101.722  117.104  282.45  1470.783    38.783 
    69  124.773  104.302  305.87   361.333    38.667 
    70  174.126   67.989   29.58   506.000    36.000 
    71   83.421   69.380  348.00   568.000    38.000 
    72  285.501  115.831   14.43   634.000    36.000 
    73   54.841   70.040  315.16   639.207    58.718 
    74  313.231   72.414   64.43  1366.000    36.000 
    75  325.320  162.418   41.76  1378.000    36.000 
    76  147.684   17.535   15.62  1412.000    38.000 
    77  327.269  162.335   43.52  1446.000    36.000 
    78  313.372   72.644   64.60  1461.834    60.444 
    79  199.596   71.590  354.10  1486.000    36.000 
    80   25.873   59.092  303.55    80.000    42.000 
    81  305.043   76.619   53.47   351.200    42.400 
    82   69.215  129.319  105.48   558.000    40.000 
    83   69.436  123.007  108.63   543.741    57.792 
    84  314.088   72.059   63.42  1296.000    42.000 
    85  135.941   84.807   27.67     4.000    46.000 
    86  208.429   89.460  197.80   322.000    44.000 
    87  314.283   71.621   63.63  1360.000    46.000 
    88  312.886   73.054   64.77  1442.667    45.333 
    89   72.097   66.483   64.48    10.000    48.000 
    90  207.789   92.093  194.46   278.000    48.000 
    91  139.835   61.319  244.58   284.000    50.000 
    92  154.011   61.480   52.34   306.000    48.000 
    93  140.164   61.043  245.10   313.333    50.667 
    94   57.218   84.804   57.24   370.134   149.638 
    95  213.679   99.696  185.23   771.580    73.613 
    96  313.875   71.959   63.49  1352.000    50.000 
    97  132.461  106.750  354.37  1434.667    50.667 
    98  303.699   82.695   51.17     9.103    64.414 
    99  298.617   12.276  297.17    44.000    54.000 
   100  102.279   87.589  273.83   276.000    52.000 
   101  199.790   71.750  353.04  1360.000    54.000 
   102  140.267   61.102  244.70   306.000    56.000 
   103  313.503   72.523   64.05  1333.855    68.195 
   104  199.801   71.890  353.06  1356.000    62.000 
   105  101.652  116.633  282.46  1365.200    70.267 
   106  101.928  117.075  342.49  1450.000    60.000 
   107  124.995   59.481  239.07  1422.000    64.000 
   108  150.059   17.041  193.20  1442.000    64.000 
   109  256.121  152.170   47.68   242.000    70.000 
   110  350.070  160.867   64.43   642.052   275.222 
   111  280.665  104.746  358.39   524.885    97.032 
   112  277.527   88.314    0.68    14.750   104.857 
   113  173.977  125.633  348.46   234.000    84.000 
   114   66.528   53.114   27.49  1422.429   142.060 
   115   47.306   83.314  110.87   194.941   165.397 
   116  132.670  106.311  355.21  1356.000    88.000 
   117  193.437   72.079  152.52    80.557   125.507 
   118  273.708   64.509   58.08   852.146   165.621 
   119  152.890   53.535   28.39  1386.000   104.000 
   120   80.818   84.400   60.45     3.200   141.600 
   121   48.103   79.659  308.86    31.460   178.560 
   122  232.430  152.959   24.85  1408.159   269.653 
   123  294.255   36.449  101.97   122.406   268.499 
   124   33.363   72.335  357.91   844.000   178.000 
   125  312.501  152.478   89.58   948.878   303.475 
   126   92.448   57.945   42.54   118.400   217.200 
   127   79.787   85.944  301.91  1683.993   251.728 
   128  292.038  144.710   74.70  1738.750   233.500 
   129  179.329  143.890  327.38    30.145   300.980 
   130  265.984   44.267  308.66  1591.565   250.337 
   131  310.604   42.512   86.98   246.871   303.112 
   132  119.634  118.779   10.45  1573.949   337.238 
   133    7.777  133.815   73.53  1243.991   305.790 
   134  160.983  151.885   13.26   357.503   329.752 
   135  245.311  108.263  184.26  1123.615   312.710 
   136  119.291  119.149   11.64  1553.333   261.333 
   137  266.027   44.408  308.51  1552.800   271.200 
   138   11.605   72.153   53.02  1666.062   291.010 
   139  266.254   44.480  308.46  1586.667   281.333 
   140   86.008  135.676  351.13  1607.000   281.000 
   141  266.119   44.652  308.14  1529.258   307.238 
   142  266.289   44.621  308.39  1587.159   307.474 
   143   86.127  135.555  351.66  1614.000   288.000 
   144  219.702   41.808  342.33  1516.800   296.800 
   145  219.791   41.785  342.38  1574.000   292.000 
   146  219.904   41.976  342.49  1590.000   292.000 
   147   95.829  137.095  329.26  1709.391   327.652 
   148  299.814   61.151  289.25  1581.333   298.667 
   149  219.875   41.820  342.31  1562.667   306.667 
   150  119.824  118.840   10.79  1492.000   322.000 
   151  266.387   44.576  308.38  1581.000   327.000 
   152  238.252   83.774  163.66   110.130   393.417 
   153  176.279   64.833  145.15  1241.333   345.333 
   154   67.114  111.595   48.80   197.744   366.051 
   155   89.276   59.973  320.21   300.258   358.968 
   156  124.395  143.438  329.62   284.000   354.000 
   157  356.654  115.351  275.31  1225.333   354.667 
   158   41.890   77.454   25.09  1310.667   354.667 
   159  125.671  148.177  320.63  1680.000   354.000 
   160   89.328   60.204  319.92   278.667   357.333 
   161  176.484   64.741  144.89  1248.000   358.000 
   162  294.957  116.814  288.36  1316.000   358.000 
   163  122.633   66.595   41.84  1674.667   357.333 
   164   89.141   59.905  320.33   266.000   363.333 
   165    7.177  133.377   12.49  1234.000   360.000 
   166   23.869   58.616  333.39  1242.000   360.000 
   167  181.241  146.281  342.13  1378.667   361.333 
   168   95.970  136.849  328.48  1670.667   362.667 
   169  275.537   43.808   90.96  1736.667   363.333 
   170  122.870  141.694  328.27   281.816   411.900 
   171   88.629   58.870   50.61   284.000   367.000 
   172   85.606  146.362  339.76  1112.000   366.000 
   173  356.423  115.771  275.65  1232.000   366.000 
   174   95.157  136.694  268.47  1714.000   364.000 
   175  303.014  113.085   78.49  1720.000   366.000 
   176  123.266   66.910   41.34  1732.000   366.000 
   177  269.337  119.870   39.87   254.000   368.000 
   178  247.433  109.233  183.59  1215.000   371.000 
   179   19.811  132.630  103.87  1218.000   368.000 
   180  173.891   74.491  170.91  1370.000   368.000 
   181  119.254  119.355  309.53  1446.667   370.667 
   182  276.039   44.218   29.66  1701.600   373.600 
   183  269.201  121.170    9.56   250.667   374.667 
   184   41.518   77.910   86.08  1294.000   372.000 
   185   44.872   49.349  322.90  1012.903   402.568 
   186  245.643  109.189  183.96  1159.695   389.597 
   187   19.484  115.815   95.10  1280.857   387.429 
   188  159.569  138.160  338.71  1395.967   391.933 
   189  355.769  109.132  286.37  1642.667   378.667 
   190  196.842   80.422  163.95  1664.000   378.000 
   191  198.452   79.428  165.60  1673.333   377.333 
   192   95.556  135.766   29.67  1689.000   380.000 
   193  198.311   78.923  163.17  1708.000   378.000 
   194  275.442   44.423   90.69  1739.000   380.000 
   195  253.267   52.741  356.46  1082.000   380.000 
   196   93.652   37.687    3.86  1250.000   380.000 
   197  229.775  153.938  202.07  1310.000   380.000 
   198  355.499  109.957  286.86  1446.667   382.667 
   199  235.251  126.776  306.30  1702.000   380.000 
   200  269.115  119.897  279.61   248.800   389.600 
   201  269.270  120.088  219.59   290.000   384.000 
   202    8.051  133.351   13.67  1240.667   385.333 
   203  230.712  153.971  203.15  1318.000   384.000 
   204  108.008   48.121   70.69  1492.000   386.000 
   205  234.443   95.637  184.14  1517.333   385.333 
   206  285.402  131.345  226.39  1575.200   391.200 
   207  286.053  131.529   46.86  1636.000   386.000 
   208  198.818   79.259  165.55  1692.000   388.000 
   209  275.382   44.315   90.26  1700.000   386.000 
   210  268.506  121.182  189.17   290.000   388.000 
   211  200.074   64.303  144.64  1250.000   388.000 
   212   20.625  114.911   94.80  1308.000   388.000 
   213  286.139  131.244   47.44  1621.333   390.667 
   214  319.351   83.875  313.25  1730.000   388.000 
   215  198.334   81.116  165.54  1738.000   388.000 
   216  123.375  142.269  328.53   252.000   394.000 
   217   89.162   59.971   20.29   255.000   397.000 
   218  131.039  152.812  256.51  1516.000   394.000 
   219  286.054  149.652   76.33  1542.667   394.667 
   220  115.104   89.408  296.61  1698.000   392.000 
   221   61.442   47.453   59.54    24.881   431.643 
   222   79.296   61.977  351.79   192.649   428.838 
   223   94.312  118.691   52.19   401.333   398.667 
   224   66.140   34.984   47.99  1246.000   396.000 
   225  200.034   64.895  144.12  1262.857   400.571 
   226  339.898   41.513   21.60  1449.333   398.667 
   227  236.062   95.077  183.96  1462.000   396.000 
   228  280.847  113.726  193.31  1632.000   398.000 
   229  226.201   26.340  100.12  1650.000   396.000 
   230  157.929   78.898    3.67   398.000   404.000 
   231  199.645   64.545  144.79  1310.000   400.000 
   232  158.946  138.377  338.41  1338.857   401.714 
   233  132.422    9.288  208.00  1108.000   406.000 
   234  136.826  124.652  281.67  1238.000   404.000 
   235  199.854   64.442  144.20  1324.000   404.000 
   236   38.204   71.765   16.43  1472.000   406.000 
   237  175.667   70.442   13.82  1618.000   404.000 
   238  268.699  122.264    9.18   318.118   415.059 
   239   94.060  118.463  292.60   413.000   412.000 
   240  346.411  129.793  295.24  1304.000   410.000 
   241  160.607   53.478  250.76  1450.000   408.000 
   242  127.058   57.928  357.30  1486.000   408.000 
   243  154.484  152.597  342.30  1710.000   408.000 
   244  268.821  121.625  189.42   282.000   412.000 
   245  289.521  150.612   44.47   418.667   414.667 
   246  157.122   76.973    3.07   408.000   418.000 
   247   31.559  141.915   68.17  1530.000   416.000 
   248   60.191  108.079  319.93  1566.000   416.000 
   249  268.343  122.461  188.92   258.000   420.000 
   250  184.520  131.051  350.68   378.000   420.000 
   251  157.914   78.520    3.30   416.800   424.800 
   252   44.133   49.575   83.19   926.000   420.000 
   253   85.671  150.652  341.37  1156.000   422.000 
   254   56.756   80.162  307.70  1432.000   422.000 
   255   94.031  118.110  292.32   368.667   430.000 
   256  350.993  111.446   89.91   376.000   426.000 
   257   93.852  117.971  293.08   381.333   425.333 
   258  201.708  120.918  153.52   390.000   424.000 
   259  338.812  166.649  324.27  1424.000   426.000 
   260   93.964  117.831  292.72   394.667   430.667 
   261  157.944   78.054    3.21   409.333   434.667 
   262   94.221  117.989  292.47   420.800   432.000 
   263  158.043   78.267    3.26   428.000   432.000 
   264   51.162   64.748  343.95   802.000   432.000 
   265   94.093  118.077   52.28   382.667   438.667 
   266    7.868   47.447  307.08   388.000   440.000 
   267   94.337  117.980  292.01   399.200   440.000 
   268  201.770  121.193  153.39   376.000   442.000 
   269    7.494   47.981  307.30   412.000   442.000 
   270   93.654  118.215  292.11   417.333   442.667 
   271   94.170  118.189  291.87   431.000   441.000 
   272  174.313   19.115  111.28   753.333   441.333 
   273  324.457   40.564   71.03  1288.000   442.000 
   274  176.106   18.614  109.07   635.333   445.333 
   275  174.894   18.563  110.42   669.333   446.667 
   276  173.401   19.245  111.83   702.000   446.000 
   277  174.038   18.561  111.13   607.200   450.400 
   278  173.495   18.366  351.33   466.000   452.000 
   279  171.594   18.228  112.75   488.000   452.000 
   280  227.219  131.435  181.55  1506.000   452.000 
