# Header: Project1::Ti7_ESRF_T1_EBSDbeforeEtch_cleaned::All data::Grain Size   3/21/2018
# 
# Partition Formula: 
# Grain Tolerance Angle: 5.00
# Minimum Grain Size: 2
# Minimum Confidence Index: 0.00
# Multiple Rows Requirement: Off
# Column 1: Integer identifying grain
# Column 2-4: Average orientation (phi1, PHI, phi2) in degrees
# Column 5-6: Average Position (x, y) in microns
# Column 7: Number of measurement points in the grain
# Column 8: Area of grain in square microns
     2    9.703   14.276   19.08    63.842    32.781    311 7.775e+003 
     3  150.412   23.196  233.50   122.500     0.000      2 5.000e+001 
     4  124.554   25.538  262.03   261.566    52.088    814 2.035e+004 
    10   83.756   51.473  286.41   506.206    97.574   2605 6.513e+004 
    37   29.830   81.042  326.39   742.529    22.701    174 4.350e+003 
   184   65.111   59.539  306.57   876.719    15.156     96 2.400e+003 
   242   39.577   83.575  343.30  1138.333     6.667      3 7.500e+001 
   253   30.000   38.281  323.63  1193.333     8.333      3 7.500e+001 
   335   69.465   66.507  311.58   945.564   154.187   2331 5.828e+004 
   349   19.692   22.530  354.62  1054.297    22.109     64 1.600e+003 
   361   54.624   74.293  304.93  1229.148    56.788    755 1.888e+004 
   401  120.441   88.941  241.96  1335.000    12.500      2 5.000e+001 
   453   39.594   66.579  324.94  1094.000    24.000      5 1.250e+002 
   519  358.841   22.794   30.05   148.111   112.971    712 1.780e+004 
   520   68.351   57.985  312.95   780.503    93.177    606 1.515e+004 
   523  312.340   64.744   49.64  1409.182    40.565    177 4.425e+003 
   581  127.583   24.743  254.31  1533.961    52.005    207 5.175e+003 
   598  320.460   46.118   18.22  1582.500    30.000      2 5.000e+001 
   599  152.108   15.008  180.65    26.780    95.318    236 5.900e+003 
   600   80.008   81.610  253.84  1122.726   113.931    519 1.298e+004 
   606   11.795   61.752  335.45  1387.313   134.973    742 1.855e+004 
   607   38.529   26.547  347.28  1499.261   125.938    480 1.200e+004 
   608   53.780   66.564  312.03  1305.775   106.444    142 3.550e+003 
   610   78.936   47.813  251.16  1550.595   224.076    622 1.555e+004 
   612   99.427   18.499  239.83   270.122   162.733    450 1.125e+004 
   613   46.454   34.043  332.27   669.616   242.855   1918 4.795e+004 
   614   75.948   46.301  308.80  1214.526   198.198    505 1.263e+004 
   615   99.856   46.289  239.90    32.926   177.860    229 5.725e+003 
   616   76.779   75.713  299.24  1285.082   207.925    306 7.650e+003 
   617   15.276   18.693   13.68  1096.932   239.155    787 1.968e+004 
   618   81.093   41.476  305.96    96.847   255.778    907 2.268e+004 
   619   94.629   63.052  237.41   348.598   201.524     82 2.050e+003 
   620  100.306   52.809  236.59   830.020   291.931    756 1.890e+004 
   621  114.333   58.074  228.65   267.086   264.360    820 2.050e+004 
   622   64.072   72.154  294.05  1405.695   294.514   1348 3.370e+004 
   626   97.315   69.059  235.12   404.822   250.490    337 8.425e+003 
   629   86.647   63.861  243.96     0.000   230.000      3 7.500e+001 
   630  260.285   79.945  111.10   506.733   246.400     75 1.875e+003 
   631  252.749   87.275  122.99   470.000   252.500      2 5.000e+001 
   632   93.595   53.255  253.85     0.000   257.500      2 5.000e+001 
   633  115.636   49.775  223.38   512.847   410.200   2928 7.320e+004 
   634   87.652   56.110  248.86  1258.567   339.977    642 1.605e+004 
   636   92.992   52.649  254.14     5.000   277.500      4 1.000e+002 
   639   24.094   82.298  342.35  1188.205   302.436     39 9.750e+002 
   642   26.030   44.168  358.10  1049.213   400.671   2021 5.053e+004 
   645   58.051   45.011  276.47    62.809   403.169    931 2.328e+004 
   646  132.866   56.765  216.24   240.230   403.719   1260 3.150e+004 
   648   93.073   52.622  254.48     5.000   302.500      2 5.000e+001 
   652   75.332   67.800  300.61   348.095   355.143    105 2.625e+003 
   654   95.163   39.570  291.64  1547.462   395.992    504 1.260e+004 
   657  107.341   65.804  223.11   753.696   400.259    464 1.160e+004 
   658   96.130   61.375  284.79  1478.314   437.579    504 1.260e+004 
   659  132.318   85.057  234.69   863.209   438.847    572 1.430e+004 
   660  114.923   16.504  271.74  1296.120   465.777   1346 3.365e+004 
   661  161.699   33.796  181.98   133.202   473.465    228 5.700e+003 
   669  124.530   61.323  224.20   785.792   489.208    120 3.000e+003 
   674  107.556   69.752  242.31   938.986   493.623     69 1.725e+003 
   703   99.052   37.252  238.06  1556.154   502.308     13 3.250e+002 
  1160  124.933   45.896  242.98   908.750   521.250      4 1.000e+002 
  1174   17.268    3.133   10.07  1115.000   515.000      3 7.500e+001 
  1574   60.143   59.396  318.29   567.500   525.000      2 5.000e+001 
  1701   99.371   66.297  265.96  1485.000   525.000      3 7.500e+001 
