# Header: Project1::EBSD_beforeDef::All data::Grain Size   3/29/2018
# 
# Partition Formula: 
# Grain Tolerance Angle: 5.00
# Minimum Grain Size: 2
# Minimum Anti-Grain Size: 2
# Minimum Confidence Index: 0.00
# Multiple Rows Requirement: Off
# Anti-Grain Multiple Rows Requirement: Off
# Column 1: Integer identifying grain
# Column 2-4: Average orientation (phi1, PHI, phi2) in degrees
# Column 5-6: Average Position (x, y) in microns
     1  320.462  137.618   81.68   902.000     0.000 
     2   80.595  134.457  312.61  1376.000     2.000 
     3  103.282   79.740  267.50  1556.000     2.000 
     4  178.005   75.627   24.42  1618.000     0.000 
     5  111.951   55.947   11.65   444.000     6.000 
     6  154.514   10.718  348.48    16.058    22.261 
     7  239.364  151.253   25.43   111.652    24.933 
     8  332.450  157.643   70.60   436.769    15.692 
     9  127.238   22.960   17.73   585.452    63.965 
    10   54.020   80.899   10.83   570.000     8.000 
    11   82.358   48.633  346.48   838.675   104.238 
    12   28.517   79.104   27.24  1085.094    28.013 
    13  242.043  122.296  322.41  1193.334    18.023 
    14   64.211   57.502  306.26  1272.572    12.714 
    15  196.585  159.642  242.05  1385.951    16.748 
    16   38.658   63.967   25.55  1435.778    21.111 
    17   54.655   71.063   64.83  1581.278    49.776 
    18  310.400   65.840  292.83  1772.304    29.797 
    19  263.192   33.525  143.48  1750.000     8.000 
    20  177.976   76.991  204.20  2040.000    10.000 
    21  331.624  163.061   47.08  2052.000    10.000 
    22  149.957   22.590  243.99   253.682    35.159 
    23   89.221   74.976   73.04   308.513    19.692 
    24  358.190   13.782   29.33   376.285    51.875 
    25  148.075   22.015  353.48   400.000    12.000 
    26   65.135   58.375  305.33  1214.000    12.000 
    27   61.834   57.788  217.75  1222.000    12.000 
    28   64.030   57.349  306.26  1234.400    12.800 
    29  242.193  122.303  322.75  1250.000    12.000 
    30   69.857   63.437   70.63  1286.622   153.216 
    31  277.289   52.066  310.25  1692.000    14.000 
    32  314.282  156.128  113.31  1901.973    38.039 
    33  241.292  132.655  356.31  2052.210    48.472 
    34  161.943  146.566    5.04   195.897    64.667 
    35   63.837   57.571  306.73  1222.000    16.000 
    36  242.170  122.194  322.50  1242.667    17.333 
    37   66.954   55.360  313.44  1130.136    96.657 
    38   68.176   65.831  341.23  1248.000    33.867 
    39  336.979   15.138    2.56    15.137    47.608 
    40  259.777  101.347  166.90  1469.026   109.892 
    41   39.506   45.341  227.86    87.888   149.686 
    42  347.871   22.859   40.24   467.344   120.102 
    43   34.868   22.920  350.99  1865.389   115.540 
    44  163.442   14.350  168.11   293.313   115.762 
    45   65.245   56.786  224.04  1100.250    54.750 
    46   65.347   56.706  223.74  1132.000    50.000 
    47   10.116   58.878   38.90  1752.974   118.972 
    48  259.813  135.062   50.35  1990.895   204.642 
    49   53.218   63.543   72.79  1661.045    99.967 
    50   65.287   56.335   44.40  1086.784   101.000 
    51   65.194   56.460   44.28  1160.000    90.667 
    52   67.553   48.278   70.66  2115.935   196.531 
    53   43.776   31.040  334.94  1004.370   248.963 
    54  100.033   14.476  238.49   593.710   174.987 
    55  256.518  137.186   52.31  1564.902   191.985 
    56   76.705   72.075  298.25  1639.823   200.797 
    57  113.711   64.433  318.14   450.000   140.000 
    58  264.087  115.853  282.06   448.000   148.000 
    59  185.963  163.548  276.21  1441.614   234.107 
    60  279.156  136.690   60.89   345.270   194.517 
    61  281.909  132.354   63.85   213.846   170.769 
    62  300.160   96.662  282.44   494.000   156.000 
    63   66.067   56.110  344.06  1145.846   167.385 
    64  106.655  109.454  321.53  1728.000   162.000 
    65   28.957   17.170  212.79   442.000   164.000 
    66  267.332  117.764  177.24   271.241   208.374 
    67   17.734   16.578  259.17   296.714   172.714 
    68  258.444  142.117   52.93   406.807   275.788 
    69  100.542   49.941  235.18  1168.827   295.185 
    70  271.745  130.441  225.91   203.902   360.287 
    71  123.476   60.556  238.07  1698.000   184.000 
    72  244.455  111.534  186.16  1767.746   289.037 
    73  269.292   32.359  133.19   457.333   190.667 
    74  273.250  120.210   62.47   673.446   211.015 
    75  279.102   18.718   88.92  1704.000   190.000 
    76  300.147   96.560  283.03   497.333   197.333 
    77  114.860   61.991  253.13  1716.000   198.000 
    78  347.093   22.444  281.27   501.333   202.667 
    79  266.391   52.541  144.05   445.000   208.000 
    80  139.153   43.886   11.24   469.333   205.333 
    81  293.712  124.909   73.06   588.730   275.085 
    82   96.206   65.441   54.81   730.363   257.007 
    83   79.211   96.792  309.16   838.096   252.190 
    84   70.859   90.440  297.62   798.948   255.368 
    85  184.318   38.676  149.55    65.515   334.834 
    86  268.556  126.955   53.20  1611.775   333.695 
    87  294.850  132.766   17.33   806.346   417.156 
    88   25.078   79.415  104.24  1537.152   297.091 
    89   61.841  111.704   52.22  2089.698   343.620 
    90   23.072   41.723    1.57  1393.185   403.319 
    91  131.968   54.471   34.19   558.921   419.478 
    92  277.940  143.449   72.29  1940.860   399.260 
    93  234.326  137.577  200.90   361.608   427.676 
    94   74.201   64.740   60.82   670.458   363.509 
    95  160.421   25.768   30.07    31.923   439.189 
    96  287.019  116.981  258.46  1088.267   405.612 
    97  271.585  146.181   19.90  2023.196   371.330 
    98   97.067   58.938   42.97  1842.814   437.600 
    99  132.397   83.375  292.29  1202.533   450.960 
   100  114.313   10.904   33.60  1667.903   417.952 
   101  217.016   67.707  147.74  2013.000   386.500 
   102  126.611   14.863   18.76  1649.972   475.155 
   103  259.039    5.387   67.30  2082.293   463.412 
   104  302.869  131.691   86.23  1011.102   470.003 
   105  345.914  147.034   64.00   445.850   491.984 
   106  289.047  112.215   60.92  1280.403   497.685 
   107  124.722   59.361  282.01  1125.368   503.015 
   108  141.377  158.988  287.75   111.717   508.366 
   109  121.758   69.306  282.87  2002.805   505.981 
   110  283.364  145.508   66.67  1931.877   505.415 
   111   83.231  144.439   11.44   278.000   506.000 
   112  227.583  145.505  151.64  1674.000   520.000 
