# Header: Project1::EBSD_beforeDef::All data::Grain Size   3/29/2018
# 
# Partition Formula: 
# Grain Tolerance Angle: 5.00
# Minimum Grain Size: 2
# Minimum Anti-Grain Size: 2
# Minimum Confidence Index: 0.00
# Multiple Rows Requirement: Off
# Anti-Grain Multiple Rows Requirement: Off
# Column 1: Integer identifying grain
# Column 2-4: Average orientation (phi1, PHI, phi2) in degrees
# Column 5-6: Average Position (x, y) in microns
     1  132.385   46.964  257.89    88.000     2.000 
     2  266.103   34.872  136.88   470.000     0.000 
     3  178.663  160.154  242.22   510.000     4.000 
     4   12.307   83.199  329.39   656.000     6.000 
     5  355.442   16.722   61.50   784.000     6.000 
     6  149.321   13.297  194.18  1228.000     8.000 
     7   16.538   63.156  326.86  1738.000     4.000 
     8  141.123   13.009  232.09  1950.000     4.000 
     9  246.427  122.189  315.88   830.000     8.000 
    10  129.367   14.747    2.37   994.000     8.000 
    11  146.482   12.319  224.80  1282.000     8.000 
    12  176.906   76.487   21.72  1418.000     8.000 
    13  319.593  167.969    8.09  1476.000    10.000 
    14  176.184   76.813  204.18  2056.000    10.000 
    15   10.679   84.409  327.81    56.000    14.000 
    16  161.902   33.647  218.82  1016.000    14.000 
    17  249.482  143.641    7.23  1734.000    12.000 
    18  101.995  110.703  318.48  1774.000    12.000 
    19   29.747   42.880   73.98   222.000    16.000 
    20  176.544   55.266  177.17   248.000    18.000 
    21  299.491  169.373  352.54  1310.000    16.000 
    22   14.941   79.832   85.96  1772.000    18.000 
    23   41.428  126.180   87.36  2029.344    71.732 
    24  137.381   43.642  253.01   134.000    20.000 
    25   17.094   28.661  321.09   396.000    22.000 
    26   48.403   55.095  299.21   802.000    20.000 
    27  141.857   12.800  259.28   868.000    22.000 
    28  322.065  166.918  340.27   900.000    22.000 
    29  301.701  112.635   46.64  1426.000    20.000 
    30   38.926  132.350  119.37  1500.000    22.000 
    31  229.047  167.232  280.53   148.000    26.000 
    32  120.086   64.207  255.06   196.000    26.000 
    33  261.245   79.938  305.76   372.000    26.000 
    34  150.721  150.613    2.68   458.000    24.000 
    35  236.067  139.720  337.36  1085.983    53.070 
    36  153.055   69.909   57.32  1464.000    26.000 
    37  338.393  147.080   76.93  1602.000    24.000 
    38  268.078  113.613  260.48  1805.333    26.667 
    39   72.897   48.715   18.71  1890.413    91.628 
    40   72.376   84.268    1.11  2110.000    24.000 
    41  352.653   57.573   96.73   174.000    28.000 
    42  278.571   58.694  277.97   484.000    30.000 
    43  157.153   32.514  341.48   522.000    28.000 
    44  137.703   10.676  231.72   562.000    28.000 
    45  304.151  104.570   77.23  1094.000    28.000 
    46   66.049   91.133   32.97  1184.000    30.000 
    47   15.045   35.959  268.97  1204.000    30.000 
    48  297.426  127.258   23.52  1238.000    28.000 
    49   21.188   33.639  233.55  1258.000    28.000 
    50   15.218   36.145  268.94  1276.000    28.000 
    51   66.065   91.363   92.28  1297.782    46.145 
    52   14.673   35.709  269.43  1337.000    31.000 
    53  115.507   54.132  277.70  1344.000    30.000 
    54   75.153   58.589   67.66  1652.000    30.000 
    55   20.548  132.404   95.46   566.000    32.000 
    56   51.675  116.962   89.29   643.142    91.381 
    57   63.167   94.921   91.20   739.862    37.862 
    58  158.177  120.448   21.74   880.000    34.000 
    59  268.973   62.885  254.42   916.000    32.000 
    60  295.252  126.139   21.95  1194.000    32.000 
    61    4.877   38.669    7.21  1218.000    32.000 
    62  295.195  126.099   22.03  1249.333    33.333 
    63  183.698  142.822  110.83  1262.667    33.333 
    64   66.109   91.442   32.66  1272.000    34.000 
    65  199.992  146.114  125.18  1278.000    32.000 
    66  115.283   54.004  277.97  1292.000    34.000 
    67  115.302   53.635  278.04  1304.000    34.000 
    68  128.886  109.890   11.99  1376.000    34.000 
    69  267.576   45.814  131.65  1468.654    69.549 
    70  128.412  109.007  311.77  1448.000    34.000 
    71  267.229   46.486  131.44  1638.000    32.000 
    72  194.182  140.829  332.39  1732.000    34.000 
    73  317.095   56.945  295.04  1826.000    32.000 
    74  319.258   74.977   95.53     0.000    38.000 
    75  355.427    9.116  253.70   532.000    38.000 
    76  166.447  173.298    7.29   550.400    40.000 
    77   94.119   55.399  308.49   566.000    36.000 
    78   71.180   92.573  103.71   785.457    52.815 
    79  355.563   83.549  272.70   850.000    36.000 
    80  296.436  126.652   23.41  1204.000    38.000 
    81  115.176   53.900  277.87  1260.000    38.000 
    82  267.369   47.189  130.74  1486.000    36.000 
    83  244.736   64.064  352.44   102.000    40.000 
    84  227.367   49.628    2.28   506.000    40.000 
    85   13.994    6.884  324.50   526.000    40.000 
    86  168.212  173.035  129.68   537.333    41.333 
    87   94.095   55.626  307.45   542.667    42.667 
    88  178.743  173.405  260.46   564.000    42.000 
    89  287.960  117.785   77.02   846.000    40.000 
    90  338.115   58.844  278.60   914.000    40.000 
    91  269.144   63.527  254.23   924.612    69.870 
    92  176.051   10.769  100.60   944.000    42.000 
    93  300.148  146.600  117.88  1196.000    42.000 
    94   68.398   87.434  301.72  1208.000    42.000 
    95  193.840  144.991  210.39  1222.000    40.000 
    96  120.722   33.541    1.40  1230.667    41.333 
    97  120.892   33.507    1.46  1250.667    41.333 
    98   66.046   91.231   32.41  1256.000    42.000 
    99  265.565   47.106  313.01  1522.000    40.000 
   100  271.577    9.391   57.81  1534.000    40.000 
   101  269.822  115.716  119.37  1788.000    42.000 
   102  105.897  111.642  277.89  1802.000    40.000 
   103  269.048   27.643  130.69   174.000    44.000 
   104   96.113  128.418  292.79   292.000    46.000 
   105  183.855   75.518   32.49   300.000    46.000 
   106  218.506   72.803  340.82   396.000    46.000 
   107  148.154   94.751   49.05   412.000    46.000 
   108   93.675   56.189  308.61   516.000    46.000 
   109  273.984  124.015  172.32   526.000    44.000 
   110  156.617  100.470  358.38   558.667    45.333 
   111   66.049   91.576   32.69  1202.000    44.000 
   112   65.960   91.562   32.63  1214.857    47.429 
   113   66.197   91.562   32.41  1240.000    44.000 
   114   93.827  169.201  304.37  1522.667    45.333 
   115   71.594   64.169  338.40  1544.000    46.000 
   116  357.303  150.907  345.63  1782.000    44.000 
   117   35.429  102.155   68.83  1805.060    65.060 
   118  148.841   59.261  198.62   104.000    50.000 
   119  102.091   81.034   58.74   216.393    61.984 
   120  251.875  158.347   13.41   332.000    48.000 
   121  148.291   94.269  288.62   358.000    48.000 
   122  218.257   73.117  340.84   368.000    52.000 
   123  149.001   94.858  288.87   375.000    49.000 
   124  278.065  122.286   58.12   402.000    50.000 
   125  218.258   73.482  340.90   408.000    50.000 
   126  148.080   95.321   49.13   458.000    50.667 
   127   18.157    7.753  319.32   477.333    49.333 
   128  353.100    9.557   16.33   492.000    50.000 
   129  170.215  170.048   41.43   500.000    50.000 
   130  169.560  173.244  251.01   506.000    48.000 
   131  273.736  123.914  171.99   534.000    48.000 
   132  156.546  100.434  178.41   544.000    49.000 
   133  171.510  172.003   13.01   551.000    52.000 
   134  102.896   68.585    3.20   566.000    48.000 
   135  116.865   59.299    8.73   594.000    48.000 
   136  338.072   59.598  278.51   854.000    48.000 
   137  120.383   33.440    1.69  1228.000    50.000 
   138  120.744   33.337    1.55  1244.000    50.000 
   139  124.821  106.393   10.45  1656.000    52.000 
   140   38.466  142.531  105.40  1730.000    48.000 
   141  106.102  111.245  276.91  1772.000    50.000 
   142  309.988  108.487   60.13    78.000    52.000 
   143   56.919  108.731  114.46   344.000    54.000 
   144  218.123   73.518  340.81   360.000    54.000 
   145  259.770  121.349  166.02   378.000    52.000 
   146  236.930   71.321  186.05   411.000    56.000 
   147  218.442   73.023  340.66   416.000    54.000 
   148  328.273   84.400   70.46   420.000    54.000 
   149  237.302   72.633  185.83   424.000    54.000 
   150  277.816  121.738   58.32   428.000    54.000 
   151  277.557  121.932   58.40   441.333    54.667 
   152  235.134   69.356  186.41   446.000    52.000 
   153  188.503  173.621  270.05   486.000    52.000 
   154  156.377  100.089  178.86   501.333    54.667 
   155   74.497   36.931   10.57   826.862    74.312 
   156  136.548   88.182  334.61   838.000    52.000 
   157  252.545  121.348  346.52  1157.393   209.063 
   158   65.819   91.479   32.62  1238.000    52.000 
   159  120.677   33.360    1.43  1284.000    54.000 
   160  332.935   92.819  284.26  1632.000    54.000 
   161    0.422   15.847   59.22  1668.000    54.000 
   162   35.764  102.354   68.58  1718.000    52.000 
   163  263.949  120.374    4.89    22.286    73.755 
   164   72.050  113.512   41.99    82.530   143.927 
   165  147.935   95.086  349.56   318.000    56.000 
   166  237.472   72.762  185.78   326.000    56.000 
   167  218.501   72.501  340.57   338.000    56.000 
   168  273.863   70.689  295.61   387.516   129.805 
   169  237.839   72.128  185.33   382.000    56.000 
   170  217.881   72.762  341.10   396.000    58.000 
   171  218.176   72.658  340.91   434.000    56.000 
   172  156.056  100.307  178.50   538.000    56.000 
   173   38.812   61.921   32.16  1008.779    87.611 
   174   65.880   91.570   32.17  1248.000    56.000 
   175   12.078   34.351  241.45  1270.927    66.829 
   176  120.775   33.468    1.18  1293.333    57.333 
   177   72.153   64.183  337.90  1674.000    56.000 
   178  237.565   72.491  185.80   317.333    61.333 
   179   57.093  108.790  114.59   338.000    60.000 
   180  229.858   59.124  319.64   500.000    65.920 
   181   65.897   91.497   32.07  1296.000    62.000 
   182  120.603   33.371    1.39  1300.000    62.000 
   183  356.414  150.591  345.30  1666.000    60.000 
   184   41.181   88.950   89.14   501.479   125.051 
   185   87.752  133.181  288.28  1672.000    66.000 
   186  258.361  142.335   14.51   187.800    77.100 
   187  136.320   87.717  335.06   793.056    86.889 
   188   35.053  102.029   69.36  1704.000    70.000 
   189  307.077  113.559   48.08  1742.000    68.000 
   190  155.922   98.274  336.41   218.971   133.831 
   191  252.459  120.737  174.44  1288.822    90.929 
   192   87.390  132.813  287.86  1680.000    72.000 
   193  154.663   97.147  336.67   250.000    80.000 
   194  335.181   81.190   82.73   272.000    76.000 
   195   18.210   47.719  286.12  1674.667    77.333 
   196   34.761  102.213   69.25  1693.714    78.857 
   197   81.596   97.809  325.74   234.000    80.000 
   198  335.114   81.261   83.28   240.000    82.000 
   199  258.330  142.461   14.37   276.000    80.667 
   200  154.996   98.345  336.43   278.667    86.667 
   201   77.389   81.596   58.27  1586.109   179.689 
   202  154.703   96.962  336.59   244.000    90.000 
   203  105.188   90.346    9.45   732.000    90.000 
   204  121.880   56.934  353.90  2098.133   193.658 
   205  261.295   82.641  154.11   156.000    94.000 
   206  155.378   98.767  336.48   270.000    92.000 
   207   81.570   97.414  325.65   281.000    96.000 
   208  154.766   97.124  336.75   286.000    92.000 
   209  124.500   60.035   50.94   921.985   202.900 
   210   55.484   68.170  308.00  1693.089   142.367 
   211  288.100  115.102   73.12  1716.000    94.000 
   212  133.557  122.446  283.89  1816.000    96.000 
   213  108.259   35.186  290.35  1836.009   146.670 
   214  258.814  142.383   15.02   232.000    96.000 
   215  261.865   82.268   34.19   266.667    97.333 
   216  257.414  141.991   14.16   272.000   100.000 
   217   14.689  146.768   87.58   988.842   103.579 
   218  133.242  122.276  283.76  1806.000    96.000 
   219  126.607   21.945  312.10     4.000   102.000 
   220  257.013  142.006   13.52   156.000   102.000 
   221  194.466   79.118  135.23   288.000   102.000 
   222   45.552   48.965  322.61   758.000   100.000 
   223  115.623   50.423   50.19  1374.752   322.070 
   224  295.164  102.164    9.44  1451.334   130.444 
   225  261.580   82.356  154.06   168.000   108.000 
   226  261.739   82.410  154.13   237.600   108.000 
   227  335.638   81.352   83.26   279.500   111.000 
   228  289.380  138.256   69.58  1800.000   106.000 
   229  132.611  122.423  283.47  1806.000   104.000 
   230   11.468   99.221   98.04     3.805   136.098 
   231  183.513   84.214  140.88   163.000   112.000 
   232  311.234  170.859  104.36   716.000   110.000 
   233    0.864   33.137  284.87   178.000   112.000 
   234  258.120  142.126   14.11   161.333   118.667 
   235  261.439   82.812  154.16   174.000   116.000 
   236  258.358  142.252   14.43   180.000   118.000 
   237  261.439   81.956  154.23   228.000   118.000 
   238  299.235  113.980   43.94   720.000   118.000 
   239  262.068   82.757  154.02   185.333   122.667 
   240   81.657   97.645  325.84   238.667   121.333 
   241   50.722  120.345  101.77   546.961   150.110 
   242  353.187   18.517   63.60   716.000   122.000 
   243   87.048   83.997  293.99  1987.623   164.310 
   244  261.647   82.494  153.47   178.000   128.000 
   245  261.442   82.261  153.98   210.000   128.000 
   246   45.679   96.131   81.27   276.000   130.000 
   247  125.272   22.344   12.66     6.820   183.738 
   248   97.837   53.600   46.46   717.463   217.825 
   249    0.572   33.339  285.42   186.000   136.000 
   250  262.454   82.467  154.51   194.000   136.000 
   251  113.469   65.685  291.02   315.830   226.926 
   252   65.847  111.537  300.04  1716.000   142.000 
   253   95.996  100.030  356.81   617.906   186.758 
   254   58.899   27.836  263.86   173.070   367.025 
   255  258.146  142.238   14.28   216.000   170.000 
   256  274.801  138.201  174.91  1821.501   230.824 
   257  334.560  105.895   67.42   514.000   172.000 
   258   74.026   49.461   57.93   527.622   291.893 
   259  274.605   47.812  296.46  1731.611   253.542 
   260    0.948  111.340   43.28   522.000   176.000 
   261  253.474  130.233    2.28   520.000   182.000 
   262  106.678   70.449  265.69  1730.000   180.000 
   263  312.586  104.556   76.62  1924.484   228.568 
   264  292.665   47.752  301.04   502.000   184.000 
   265   89.222   42.690   33.86  1705.334   195.556 
   266  175.254   39.363  176.90  2060.365   301.359 
   267  113.161  132.217  358.55   512.000   190.000 
   268   64.289  101.648  103.18  1753.333   190.667 
   269  161.341   92.149   19.55   494.000   192.000 
   270   40.330   70.203  350.54   494.000   196.000 
   271   89.155   42.657  273.90  1724.097   227.181 
   272  113.851  131.930  359.52   481.333   205.333 
   273  162.238   91.651  199.77   526.000   204.000 
   274  106.705   70.051  325.56  1718.000   204.000 
   275  355.098  127.760   50.48  1704.000   210.000 
   276  273.677   47.734  297.05  1734.000   208.000 
   277  266.713  112.445  227.43   815.381   331.223 
   278   89.247   42.768   34.16  1692.000   216.000 
   279  268.740  137.325   86.10  1714.000   212.000 
   280   40.378   87.499   50.52    28.159   304.375 
   281  269.013  137.466   85.78  1676.000   224.000 
   282  161.995   91.381   19.73   478.667   221.333 
   283  141.763  113.450   14.88   536.000   222.000 
   284   34.908   86.191   41.12  1684.000   222.000 
   285  275.941   47.346  295.26  1689.333   222.667 
   286  213.203   93.870  198.62  1696.000   222.000 
   287  175.570   52.007  189.11  1680.000   228.000 
   288   89.247   42.948  274.26  1684.000   230.000 
   289  293.438   48.003  300.53   473.333   233.333 
   290    1.814  112.913  283.74   482.000   232.000 
   291   74.094  140.646   90.23   530.000   232.000 
   292  293.216   47.644  301.09   532.000   238.000 
   293  274.770   47.622  296.41  1682.000   236.000 
   294  356.308  127.492   51.72  1690.000   236.000 
   295  302.105  127.751   30.62   645.372   298.544 
   296  130.858   13.129  239.72   501.333   249.333 
   297  213.915   94.818  198.64  1692.000   248.000 
   298  286.541   98.930   64.50  2007.586   301.596 
   299  110.320   42.732  227.16  1897.357   389.998 
   300  306.520  121.273   67.99   377.364   346.831 
   301  292.703   47.854  300.99   482.000   260.000 
   302  161.692   91.505  199.54   480.000   266.000 
   303  220.762  156.934  153.58   486.000   264.000 
   304  161.322   91.350   19.37   520.000   284.000 
   305  240.814  149.581   29.77  1594.531   346.543 
   306  113.049  132.072  358.92   489.333   286.667 
   307  162.001   90.633   19.50   502.667   289.333 
   308  113.370  131.955  358.85   516.000   290.000 
   309  176.934   52.566    7.95  1722.000   288.000 
   310  253.122  130.342   32.51   490.000   292.000 
   311  276.132  117.820   52.04  1711.723   400.382 
   312   52.067   69.579   39.66  1058.202   423.524 
   313   26.820  144.329  106.76   684.673   364.287 
   314  285.754  113.500   71.19     1.818   367.818 
   315   79.033   66.482   68.49   533.082   446.300 
   316  198.238   29.894  137.82  1548.493   408.261 
   317  164.717   14.974  174.61     6.710   407.742 
   318   94.312   99.500  282.06   747.061   459.403 
   319  145.556   50.337   12.40   670.093   421.477 
   320   45.207   36.523  250.37   900.302   465.272 
   321  100.849   55.001    1.81  2074.980   450.219 
   322   42.986   49.904   93.65    23.727   471.749 
   323   70.807   51.880   74.25  1519.406   449.743 
   324  227.068  156.386  359.37   333.533   471.805 
   325   71.066   55.013   78.86  1234.388   470.985 
   326  268.676  154.544  224.15  1597.327   457.705 
   327   31.859   41.715  353.22  1200.276   485.000 
   328   96.249   54.619   59.10   658.983   504.305 
   329  134.732   53.417  334.78  1984.395   484.148 
   330   65.352   45.414  324.06  2020.000   474.000 
   331   54.541   74.878   70.01  1528.000   478.000 
   332   70.933   51.748  314.76  1536.000   478.000 
   333  304.906  105.810   48.91  2014.000   476.000 
   334  298.419   10.834   25.15  1514.667   481.333 
   335  321.071  127.963   91.76  1522.000   480.000 
   336  144.956   95.259  349.03  1560.000   482.000 
   337   54.905   74.518   69.35  1504.000   486.000 
   338   54.740   74.912   70.22  1537.333   485.333 
   339   55.781   70.559   39.07  1552.000   486.000 
   340  294.630  107.798   73.09  1568.000   486.000 
   341  165.522   93.564  114.85  1588.000   486.000 
   342   88.038   25.130   46.38  1623.000   485.000 
   343   54.561   74.451  309.84  1560.000   490.000 
   344  267.036  155.325  223.56  1576.000   490.000 
   345   85.023   25.335   49.40  1584.000   490.000 
   346   88.997   24.942   45.39  1594.000   488.000 
   347   87.538   24.673   16.65  1607.000   493.000 
   348   84.891   25.041   19.23  1628.000   490.000 
   349  321.080  114.094   58.03  1482.000   492.000 
   350  324.147  118.379   61.29  1494.000   492.000 
   351  297.701   10.837   25.24  1512.000   494.400 
   352   54.591   74.273   69.56  1552.000   494.000 
   353  136.986  106.326  348.59  1572.000   494.000 
   354  267.470  155.266  223.45  1596.000   492.000 
   355  263.477   31.564  144.43  2068.000   494.000 
   356   54.668   74.661   70.22  1470.000   496.000 
   357   54.593   74.409   69.95  1500.000   498.000 
   358   70.130   51.748   74.97  1537.333   498.667 
   359   92.856   82.257  357.94  1564.000   498.000 
   360   87.526   24.277  256.15  1580.000   498.000 
   361   84.905   24.933   48.87  1601.333   498.667 
   362  269.996  123.757   55.06    47.453   541.095 
   363   71.227   54.567   19.42  1266.000   500.000 
   364  256.987  126.171   21.38  1506.000   500.000 
   365   54.838   74.554   69.77  1522.000   500.000 
   366  192.240   84.122  173.70  1590.000   500.000 
   367   38.637   71.142  314.82  1942.000   500.000 
   368  282.367  125.315   59.06  2048.000   502.000 
   369  201.290   56.829  163.25   956.000   506.000 
   370   43.928   35.962  251.55   994.667   506.667 
   371   31.235   41.008  294.52  1193.333   506.667 
   372   31.624   41.206  353.35  1205.600   508.000 
   373  297.046  130.131   71.64  1412.000   506.000 
   374   70.965   51.221  313.99  1481.143   505.143 
   375   71.602   50.684  313.42  1502.000   504.000 
   376   71.631   51.112  313.18  1518.000   504.000 
   377  290.009  122.034  343.23  1554.000   504.000 
   378  318.016   73.997  311.84  1620.000   504.000 
   379  201.221   19.671  175.46  1637.333   506.667 
   380  110.210   42.170  227.76  1842.000   504.000 
   381  291.070  137.778   73.48  1854.000   504.000 
   382  290.381  138.325   72.83  1930.000   508.000 
   383  290.412  138.432   12.90  1941.000   509.000 
   384  314.961  126.056   85.62  1994.000   504.000 
   385  100.729   39.652   14.53   744.000   512.000 
   386   23.271   11.777  261.69   762.000   508.000 
   387  221.626  136.060  150.18  1612.000   510.000 
   388   38.456   72.418   15.49  1738.000   508.000 
   389   68.525   90.402  344.08  1833.333   510.667 
   390  291.416  137.674   73.78  1910.000   508.000 
   391  281.321  125.258   59.25  2044.000   510.000 
   392  210.849   94.556  329.23   296.000   516.000 
   393   47.956   35.165  297.72   400.000   514.000 
   394  203.991   39.220  165.88   780.000   514.000 
   395   43.013   36.200   72.87   921.806   519.355 
   396   90.811  115.827  295.05   957.333   514.667 
   397  224.768  144.080  168.29  1004.667   517.333 
   398  211.571  138.970  246.01  1176.000   513.000 
   399   32.002   40.809  293.23  1218.000   514.000 
   400  120.579   48.484   45.40  1278.000   512.000 
   401  121.580   49.015   44.99  1292.000   512.000 
   402  327.703  154.098   10.73  1396.000   514.000 
   403  300.344   93.645   50.97  1488.000   514.000 
   404  290.477  138.080   13.36  1854.000   512.000 
   405  166.311   76.614  351.40   228.000   518.000 
   406   48.497   32.654  298.56   235.333   521.333 
   407  232.403  156.385  332.69   356.000   518.000 
   408   47.665   34.647  298.11   384.000   518.000 
   409  334.349  150.626   78.02   388.000   518.000 
   410  207.547   91.982  317.55   566.000   516.000 
   411   17.271   12.972  267.04   724.000   518.000 
   412   18.762   12.417  265.72   734.000   516.000 
   413  158.614  149.850  347.10   832.000   518.000 
   414  222.124  143.504  166.25   900.000   520.000 
   415  222.954  143.582  166.97   947.200   517.600 
   416   43.505   36.037  252.74   969.000   517.000 
   417  211.038  138.271  126.00  1158.000   516.000 
   418  164.908   34.354   31.34  1276.000   518.000 
   419  329.706   79.477   39.92  1996.000   518.000 
   420  330.577  151.374   75.26   257.333   521.333 
   421  224.813   86.745  179.05   330.000   520.000 
   422  331.685  150.401   76.63   344.000   522.000 
   423   42.810   26.461  304.16   718.000   520.000 
   424   86.348  148.752   42.39   862.000   520.000 
   425  354.297  110.827   90.75   882.000   520.000 
   426  214.362   12.961  123.16  1220.000   522.000 
   427  144.148   62.254  359.27  1550.667   521.333 
   428   62.152   58.014  303.56  1844.000   522.000 
   429   49.385   32.752  357.67   244.000   526.000 
   430  151.457   29.716  222.95   266.000   524.000 
   431   50.169   33.251  296.92   400.000   528.000 
   432  119.880  137.742  339.06   568.000   526.000 
   433   87.382  145.624  284.92   610.000   524.000 
   434  275.100   80.890  258.29   722.000   524.000 
   435  332.058   62.747  270.04   754.000   524.000 
   436  342.943  160.077   96.72   760.000   526.000 
   437   17.058   40.801  287.31   774.667   526.667 
   438   94.644   98.777   42.27   797.333   526.667 
   439   94.569   98.532   41.86   815.000   525.000 
   440   43.033   36.152   73.02   868.000   526.000 
   441  260.122  125.873   25.47   218.000   528.000 
   442  163.408   79.841  357.32   490.000   528.000 
   443  158.004   32.239   40.36   504.000   530.000 
   444   87.173  145.832  284.82   524.000   530.000 
   445  176.587   70.110  142.27   560.000   530.000 
   446   79.468   65.183    7.94   590.000   530.000 
   447   95.921   54.117   59.13   650.667   529.333 
   448   87.563  149.914  344.38   864.000   530.000 
   449   66.109   76.945  310.81   894.000   528.000 
   450  140.289  106.836  349.42  1710.000   528.000 
   451  225.881   86.838  178.82   220.000   534.000 
   452  227.993  119.850  303.70   254.000   532.000 
   453  256.318  143.813  113.91   314.000   532.000 
   454   51.891   31.756  356.30   350.000   532.000 
   455  101.799   80.368   54.17   358.000   532.000 
   456   78.795   65.621  308.45   573.333   534.667 
   457   61.908   49.582  300.33   894.000   532.000 
   458   53.169   68.666  339.13  1051.200   533.600 
   459   53.152   68.694  339.81  1158.000   532.000 
   460    1.934  101.008  285.02  1266.000   532.000 
   461  305.636  104.605   21.33  1272.000   534.000 
   462  276.983   18.752  327.95  1286.000   532.000 
   463  183.513   64.338  193.25   200.000   538.000 
   464   93.158  140.807   80.28   236.000   538.000 
   465   31.722   83.729  330.55   286.000   536.000 
   466   93.809   64.832   85.83   398.000   536.000 
   467   79.026   64.743    8.98   532.000   537.000 
   468    3.555  101.783  293.13   780.000   538.000 
   469    3.248  102.156  292.79   794.000   536.000 
   470  265.551   30.046   78.31  1038.667   538.667 
   471   52.171   68.256   39.60  1142.000   536.000 
   472  214.862  138.304  252.49  1638.000   536.000 
   473  227.987  119.814  303.26   212.000   542.000 
   474  155.736   29.721  219.75   222.000   540.000 
   475   47.064   35.118  298.44   378.000   540.000 
   476   48.099   34.395  298.43   389.333   541.333 
   477   78.006   65.273  310.20   454.000   540.000 
   478  110.466   87.588  303.96   464.000   542.000 
   479  159.506   48.324  187.98   792.000   542.000 
   480  103.108   76.937  263.76   306.000   544.000 
   481  296.126   27.757    5.52   726.000   544.000 
   482   10.413   84.917   87.45   176.000   550.000 
   483   55.341   41.168  332.87   188.000   552.000 
   484  269.458   29.553   72.44   330.000   548.000 
   485   98.500   71.690  299.07   548.000   550.000 
   486  115.561   80.370  269.82   574.000   548.000 
   487   79.398   54.685   94.27   208.000   554.000 
   488   58.317   57.944  307.70   402.000   552.000 
   489  293.765  111.260  278.87   166.000   556.000 
   490  299.494  148.048  104.23   290.000   556.000 
   491  356.409  120.928   58.51  1652.000   562.000 
   492  140.701   75.282   37.47    86.000   564.000 
   493   52.213   75.510  315.57   374.000   564.000 
   494  245.145   71.656  188.77   192.000   570.000 
   495  128.309   52.500  216.51  1412.000   570.000 
